3633
78
77
75
74
73
72
71
70
67
66
65
85
84
83
82
81
80
89
109
108
104
103
102
101
100
99
169
170
171
172
168
167
166
165
164
163
162
161
175
160
159
158
157
119
120
121
122
123
124
125
30
31
32
29
28
27
26
22
25
23
24
33
34
126
127
129
154
155
153
156
152
151
177
176
181
182
183
184
185
187
186
188
189
190
191
192
180
179
178
130
131
132
133
134
135
136
137
138
139
148
147
146
145
199
198
197
194
195
193
196
201
200
202
203
204
205
206
207
212
213
216
217
220
221
222
223
224
225
226
227
228
229
230
251
250
247
245
246
231
232
233
234
235
236
237
238
239
244
241
243
242
240
219
218
215
214
211
208
253
254
257
258
256
249
248
255
252
209
210
144
143
142
141
140
149
150
266
265
264
263
262
261
260
259
274
273
272
271
16
275
276
277
4
279
278
3
0
2
1
6
5
9
8
10
11
12
13
14
15
7
267
268
269
270
128
21
20
19
18
17
105
106
107
173
174
110
90
91
92
93
94
95
96
97
98
79
88
112
111
87
113
114
86
116
115
117
64
63
59
58
57
56
55
54
53
52
51
44
45
46
47
48
49
50
62
118
61
60
43
42
41
40
39
38
37
35
36
69
68
76
