2417144
12271
13854
5356
14017
6008
3241
14064
12078
9410
1837
9074
4472
13772
12838
3982
6585
14061
4223
13428
6376
897
6838
7083
3150
12487
14888
6192
6558
11015
9239
8710
2818
8857
9705
1606
4145
3322
3990
6410
11004
177
13712
14315
5097
2544
6026
11699
10657
1559
12932
12589
13757
64
4553
9579
7335
9160
4248
13436
4083
6194
3294
10037
4016
13404
14480
3934
8475
5131
9724
9412
12983
13825
2419
5276
10999
14887
1457
1985
1988
2655
3137
5635
7208
14625
13546
8233
10012
5039
7584
10781
1126
4988
8081
9558
6327
9583
1562
5000
762
7455
4737
9047
3382
2703
9068
2704
14349
12140
13570
9860
5897
3311
9198
14281
12536
9296
1360
8768
2822
12651
14671
6289
12018
11533
14978
1401
13603
6207
10090
12579
9560
3113
1094
6005
3869
2383
7659
12906
1735
7805
4453
14807
13030
5439
1676
10994
10024
14546
14361
1950
13756
10074
10803
12500
5378
5195
65
14362
6679
1486
11302
5411
1600
1790
5412
11666
5988
6677
14394
11033
3166
12097
8307
5999
1931
5998
5189
3391
3870
5249
11246
5278
4978
10962
4985
3609
1443
68
4126
4492
2999
4972
12098
3318
1906
7857
14050
5692
13932
1523
3432
2637
5602
13149
23
10098
8792
1346
7474
13641
6670
1631
11539
13576
12089
2765
4994
14857
1637
1505
531
8032
5071
10029
11108
13739
5893
3713
14477
521
12917
6097
14518
2073
14812
8617
2711
2108
8573
9578
2228
7394
1736
11726
8001
5879
8111
5281
1175
6682
389
3681
5647
840
4209
2858
145
414
7362
5409
10014
9743
5889
3334
7082
5261
4720
2063
9958
5341
2792
5087
12575
60
2657
5885
5176
5550
5892
14049
12737
4836
4870
8631
6307
3647
2371
5626
3179
2766
9904
11532
12282
2372
3439
7303
1748
798
72
5145
1350
5974
9165
9603
889
383
2085
9094
11278
12197
14990
4952
3107
5283
4607
6738
13660
7665
6368
14728
5068
11599
10807
8738
5883
388
5294
2649
2758
6365
14267
1910
6279
973
5137
12232
12753
14597
2722
461
8316
1621
5114
13481
2921
3887
13257
14847
3894
13665
10627
8367
13701
10955
8070
789
45
11650
11429
5104
14673
831
1777
4232
3390
11517
14344
6652
12924
3134
8435
2446
14245
791
13605
10905
9020
13179
1219
12427
9959
327
10824
14814
3016
12171
4029
12914
12578
14813
14443
1419
8053
9753
5109
5115
2875
8971
832
3149
13439
9920
10658
11268
12953
12462
7337
1530
11622
9133
14663
2502
1581
6311
5117
9075
8051
8444
75
13008
11105
6248
917
5847
382
14605
769
6867
5809
9146
6366
14980
14581
11240
2612
6123
8402
11878
1027
2151
13780
2663
2246
3401
808
5427
7397
3079
4115
1223
10560
12346
4140
13597
13918
13407
14410
7255
2281
265
12625
8156
981
7798
6251
687
4897
6249
1848
10104
303
6355
13658
1963
8556
8064
2143
10501
6957
6730
10641
13695
3538
6557
8362
6505
1242
11571
12023
6709
13162
5314
6766
1536
7049
8050
3841
7690
4576
9253
5749
1752
7994
7185
12208
11924
3416
7763
9240
14242
924
14272
11294
3546
7131
10019
2576
8516
6954
4147
398
15004
4320
514
13967
10426
13810
3935
7990
1167
11403
678
7588
10612
9535
5241
6247
7257
13613
12878
4198
972
1675
6990
792
4451
10820
12898
11137
7951
11955
14973
10323
14870
1933
12236
821
14884
8945
1850
3895
2426
3874
11245
14493
6566
13651
3898
8211
7221
12803
2072
7391
14874
6466
13890
916
12465
5782
9143
13098
8969
3752
3660
9219
7774
5090
7772
4642
14976
8196
11817
14261
14928
7127
12827
6874
10488
11422
12493
8242
2987
14270
251
6291
291
10145
9195
295
14770
4268
4478
4886
1226
1815
14228
8898
3634
10310
6559
359
12296
4659
12313
1798
6763
11827
1451
10149
9244
3987
2219
3453
11943
3543
1072
12131
2203
15091
12821
8112
3506
7762
4333
1788
9130
2136
11538
12519
2866
12466
5801
9387
7787
3419
1633
9872
9158
284
5857
5833
593
11728
308
10733
14815
1351
7279
282
9328
316
215
9107
6741
10001
6598
4612
12494
14868
12369
6592
7692
12749
2064
14917
3736
4334
4348
8218
1349
6605
4005
9285
9245
9291
14900
9251
4898
4116
309
8143
2998
321
9250
14875
7479
7891
7326
1088
11398
2300
4849
13091
13380
13277
5262
1857
7704
12695
14703
2309
7193
1229
8436
15082
841
13950
4217
7742
10643
7680
1853
1154
6467
6950
2451
2349
13029
5036
7870
10546
13824
3446
7923
6418
13930
4370
14277
2325
7070
9292
14881
8741
202
9515
14852
5526
11416
13657
12191
4149
4768
7937
9255
4833
4943
4983
1055
3430
4506
7085
12830
2234
13339
1319
9078
10655
6486
3606
4877
15081
1660
12094
14920
5351
2496
7854
6876
6533
859
8515
780
5630
2659
8472
9194
12717
3802
5625
1680
1375
820
2403
1168
5089
12833
4861
7296
4569
13676
4322
3755
11090
11165
13092
3868
14005
6880
6229
6720
1501
14398
1071
5534
10247
8594
4591
3717
4069
6332
12772
11196
12221
1233
1122
1322
5806
3431
8097
4844
2753
2289
15006
13915
3003
11857
4851
14006
1367
2118
1227
14787
8013
5836
4622
3751
5829
3897
12472
14772
10201
12834
7067
4161
10683
4437
7570
8947
10639
13024
3933
9289
8514
11292
10466
3548
13988
11843
10430
8412
4443
14991
4326
10161
12762
6232
7272
7283
5793
1372
13670
3904
13089
4575
12662
12729
7159
8644
5252
14971
12050
11195
12481
4449
7066
14760
4811
9254
12256
2312
299
14892
696
6795
8588
14927
14321
13715
7132
6424
8240
13265
2039
7864
11012
5914
11028
12736
11521
10040
354
12192
8009
7251
6231
2308
6468
5673
6334
13347
2294
11414
5303
2610
9089
8187
4240
2244
8596
12656
8440
1386
8212
7317
8999
2409
12933
10216
6802
4822
13672
6835
5949
13383
7837
13649
6519
11940
2313
7018
13616
1377
11288
14882
2761
7309
778
11922
4394
6933
1557
13063
3692
11296
2138
5539
1408
4655
12029
7284
2606
11976
4261
4915
2388
13614
7081
10535
4931
7416
1130
4350
14799
5713
3896
11864
7481
2221
996
14647
14151
1685
4565
13295
10506
10428
3066
7682
14878
8047
14786
7655
8034
1778
14332
5622
1500
2255
2250
13267
8954
4239
9083
12977
2380
9204
12916
3886
8043
6278
13653
14798
13124
9498
7710
4148
4237
4299
13980
965
4960
12622
12811
14970
6253
566
260
11194
1150
815
1301
8920
14485
1028
5471
3443
14596
14483
5074
2126
34
9502
14028
3002
14439
7324
5708
4965
3296
11651
13513
901
78
7466
8821
8419
5607
2463
14238
13608
1661
14737
9949
2708
5347
14285
4099
7767
3558
2192
11758
14824
13659
6
599
12623
6119
2779
2323
14297
13610
14021
11829
7388
15017
2319
695
6072
349
2536
5569
2318
470
12879
464
11574
6747
5041
5147
14065
11148
4625
12086
3141
9503
7182
4676
4974
10221
6744
14342
2916
13033
14776
13489
1572
479
3575
4196
1847
2094
12101
13271
13264
4632
4578
3335
12087
273
7450
12935
10038
2590
1178
10176
10695
10364
10500
10699
10390
4191
2691
10532
8041
3947
4906
5815
9628
14968
7691
1180
6324
8120
10572
1584
8782
4873
6935
8473
13801
4338
2316
7327
7645
14227
1221
3001
4611
2929
11941
14962
6740
4207
14323
785
4233
13935
1715
728
1605
13968
4545
10790
8612
12386
1000
5335
2407
7447
1468
14345
1945
11017
8091
10039
11654
1129
2356
5973
1478
22
5271
6698
2398
14669
10926
13592
12291
11250
13634
14589
5542
11247
2351
13719
10103
47
3010
11769
3008
13432
4091
935
6141
6268
12434
9948
13779
4927
5079
9330
14846
5975
10005
523
892
13403
11982
1934
5121
12473
8230
8791
160
14062
13477
14805
2925
217
344
6758
10924
12207
3011
5037
10091
2780
2745
4629
2719
1583
9861
2982
14215
6749
2665
10046
3015
3281
13459
5743
809
13710
2438
12336
2199
13635
3243
3384
6893
11996
2259
10651
3680
12945
10942
8239
5390
4456
2604
14063
13823
12088
904
826
1688
6201
249
3136
878
12943
9568
6058
11348
11619
4636
30
5480
6176
9424
5786
5848
2256
6721
8430
2834
804
8149
3304
5737
11021
5705
921
966
6953
12944
13970
14781
12181
44
13754
8417
7616
11022
11204
6178
14011
2095
10007
14393
13026
6254
836
2958
13203
1035
13384
1808
12669
6227
7285
9187
11217
6912
2307
8581
10180
6250
12333
1712
12172
14992
3187
14442
3330
1022
3881
6870
6213
5997
13412
13728
12573
6345
13688
14654
14557
11703
11994
13009
1270
2155
8054
5414
11695
147
6477
7855
5917
1300
6968
3884
5855
2572
12017
4457
754
11121
4645
6754
4311
13931
6081
5631
12126
274
11529
11528
14850
6400
13986
12002
4853
5822
14024
12289
3476
12647
14681
4880
14783
12502
11016
4698
12371
5825
9319
2739
12804
11980
4112
6841
4271
3761
13677
13996
1624
11966
543
7856
1124
5778
2993
6238
5188
11570
416
9182
6845
3282
2812
11628
697
10599
8955
8706
6153
1904
6032
961
2390
14198
5280
4528
1456
1875
6262
4508
3477
11680
6263
10792
8209
14869
14853
15053
4812
12648
4296
10728
767
4416
8905
9048
7059
7368
7138
4956
12307
13791
10222
10975
12264
10169
11020
1020
1032
6597
13218
1471
4834
10102
10220
10174
13965
11991
1489
5426
12820
5766
1267
1036
11970
11733
8837
11954
7836
11984
14964
12085
1269
90
8409
5725
2260
8870
11951
14788
3245
4841
11392
9159
13718
3649
10235
2931
5425
5533
6348
7754
15028
6595
5948
11968
2930
8868
13090
5180
5343
400
10821
3900
1820
1368
7925
14534
14060
11962
933
3694
13212
14296
5662
12200
7206
296
14066
14319
4103
12850
6873
5840
3901
1516
13877
1919
10536
12770
5175
8058
12049
4862
10855
8668
10853
5477
13303
6224
14802
8315
7800
9092
198
9407
210
14854
3624
7731
2116
8188
7574
11478
208
10735
10914
5199
10380
2468
12220
3722
2651
14855
9197
10584
10332
4932
854
1074
4189
9105
2991
8314
13633
3534
12596
4672
7111
12096
13612
710
4042
7579
9986
1552
7601
7801
8974
8248
14300
14872
14925
1770
1681
1918
3885
811
2290
7788
2065
8726
6723
4560
1446
8666
13666
1971
8595
10486
2594
2253
6710
12716
11743
11705
13440
12761
1243
8599
7442
12597
4979
12832
5804
11978
13010
3523
12231
14305
6369
9150
7110
1066
8580
11473
12459
7301
14265
10147
11401
2306
13631
4650
10594
725
3951
7899
12238
3380
3000
1480
10659
6488
3337
14067
4462
1432
3535
14429
13577
1951
11594
5044
9162
14053
13595
5608
8517
11525
6267
14777
8798
3438
15003
7968
5350
9485
2428
11700
1998
10799
4393
3719
5858
8027
4193
5852
7995
1208
4073
14790
6971
8722
10302
12663
1936
9016
6439
13615
13921
14707
15007
14921
13375
8662
14966
5676
1981
14974
7825
2359
12839
2586
9015
10417
4521
10979
8382
10662
13173
8108
6843
13700
9985
4303
12266
12203
1058
6538
3377
10475
14646
3370
8827
4195
13302
10502
2815
10630
6277
12142
8823
7821
12828
367
7907
5906
1644
1102
11958
14498
7572
14002
3120
1952
14901
7583
12329
14706
6053
6245
12574
12310
1625
2789
1982
6978
12304
4606
6737
12837
9609
10898
15002
2187
7894
11289
2164
2656
2210
2033
11530
14237
360
11220
11652
8158
1123
13447
11092
1311
2406
1059
10138
9489
4008
8903
6337
6458
15040
1932
11219
13972
14873
13674
1431
14268
14771
4566
2548
10661
4332
9716
2104
2282
1830
8088
12084
3648
4294
10782
7073
993
1755
11358
14891
6857
2393
11760
9534
8725
1776
10526
3580
5799
8320
1768
1642
11837
10551
11075
4470
9079
8566
8953
7600
3164
2069
1563
1560
11627
10797
3114
903
14641
11029
14915
12618
11973
6844
13294
14465
6753
2141
8056
3835
7277
12527
6717
14831
7840
11463
8442
11513
3492
10653
10645
2081
6583
4356
10110
13769
13319
3358
3425
13448
8302
11595
3406
9085
1914
10518
3119
2278
3426
12195
4581
8073
14322
11291
2360
11836
6582
14898
6733
4325
6272
11690
13314
2298
4298
4597
7139
2420
10293
13248
1392
4238
10362
1352
4194
14279
4327
2977
10461
3993
2110
3475
9297
12186
6340
11815
8569
14519
7458
14502
12897
3686
1332
13322
4165
4685
13202
1044
11470
10291
9610
11694
4905
12605
6792
13086
12565
4682
2469
1325
8155
4814
12269
14037
11948
2257
4589
11301
1864
10663
11693
6930
14924
14975
12306
6336
1245
2311
3723
5157
12553
12554
8697
5107
8253
1663
10750
647
10233
9087
7459
194
13311
907
3808
9155
12730
1067
2392
3414
197
10234
2591
13326
1772
10232
6205
1211
8862
4602
1774
14456
15019
13714
10303
7017
1140
10109
4402
4933
2653
10510
12862
8869
4572
1363
7001
4277
14792
7275
206
11055
10287
4639
14688
1978
6521
12835
2265
10857
14247
7815
88
4276
13044
12868
10711
7649
9517
10299
11625
4358
7775
13301
13466
12572
7582
6739
5436
3731
14987
6459
7853
4890
14080
2137
4610
1579
6999
4628
913
9883
7186
10981
11875
8502
2292
8652
11706
11079
10408
1739
6604
13327
731
10010
12165
1525
12288
12744
1747
2180
12865
14220
10744
4236
6901
8660
2475
3039
7568
9335
3796
2488
4188
7835
10250
11598
2725
9114
4279
2492
6593
12051
2997
14490
14988
14302
4361
9096
9416
89
3396
4530
12367
8021
6565
8146
9623
12041
14481
4644
6318
10698
4763
13087
11950
6381
8804
13246
13119
12157
4593
7930
5038
8645
3859
4187
8948
5989
15061
4006
7938
6518
10137
6094
14967
4896
10140
5834
11077
12870
13150
7249
14839
2763
10798
13379
10133
15012
8150
12013
2759
6969
1915
11349
4282
12698
4186
4401
2623
5818
10957
10800
10802
9131
6273
6274
8902
7602
6826
10617
4823
11765
980
14273
4990
1571
1042
7084
1908
10654
9152
3891
1613
7889
8319
14282
2510
3461
11947
2304
1359
12204
8195
9394
280
9211
4825
6872
9217
7020
6209
5872
12900
2794
11949
7276
5991
7804
10242
8504
4658
8131
11894
10132
8819
834
10640
2702
6715
6323
2399
9884
14954
7433
5772
14226
4407
14274
12311
11061
11787
13804
9349
1917
10895
14441
8425
5440
6098
6114
2262
4275
6539
14841
13413
4118
8010
2091
2781
8006
7094
7612
9151
203
9091
7299
7192
4539
4601
10497
10334
14667
8650
13292
10960
4379
7360
12523
2578
7050
1769
11788
8029
10642
9095
12849
2080
2086
11757
15029
4562
8030
13844
1580
3846
2206
3811
2196
4323
1810
8101
11462
3662
4780
218
7318
2119
2093
1283
4603
7635
13647
2990
7008
4980
6729
4618
9206
6354
6489
3827
13297
8334
6732
4592
2596
6294
10491
6264
3847
6281
4587
12396
4638
4559
4359
2189
1999
14271
3448
12877
2716
13397
10190
6212
2762
709
476
11692
4865
4577
5342
4548
1496
1775
8981
8912
3593
4518
2726
4335
11078
3658
1771
9873
8145
6282
6472
6970
7575
9552
13937
5835
5805
8249
1551
11239
7178
9491
5177
9472
9340
11764
2445
191
1619
9347
1909
8067
9348
6544
15083
3466
3611
3610
1068
11423
8012
8147
14789
11648
4378
11959
9076
2575
5424
11076
13332
788
2268
8719
7900
7868
8038
969
7258
8076
740
9064
14460
7189
4143
13410
4945
4558
8214
13632
2099
1009
6275
6261
10465
15041
2707
1566
6883
11351
13963
7694
4426
1720
9877
14018
14045
9499
1912
14751
11588
4120
5865
13478
4616
12733
3067
2353
12551
13790
14320
13812
11961
1800
13449
5078
5397
12757
7515
13594
3510
11888
9166
12461
13694
6955
14638
13266
10069
14213
5102
12419
350
1737
3103
2728
3553
13962
9581
10073
968
9199
2088
4092
750
7202
9881
3656
14633
1805
14389
1362
4204
3174
7012
9153
12228
9139
5171
5362
390
261
6589
5986
14351
6743
1507
6922
12230
3085
1984
1173
807
5275
5399
1237
10603
3082
322
5434
6696
13822
6511
794
9506
12934
4387
9059
11407
639
10386
10963
6266
8952
7387
4617
8126
5304
10030
1641
1503
10615
7298
4615
6742
5302
13263
10522
10309
5065
11688
10919
3083
1462
5187
9566
13012
339
819
10054
4192
10883
14264
1472
7154
3295
5810
3936
8305
13101
438
2876
8055
2332
14808
5099
14447
7015
7195
6329
11869
7190
8080
843
7516
5868
5672
1911
7482
9601
12092
4491
1502
9088
14409
13103
6725
988
6995
2103
7608
2418
781
11146
13628
6866
6973
12317
10527
13234
10108
4998
6619
8777
12880
7264
1746
212
10294
7270
13981
8024
6464
4395
7112
4654
10786
14286
760
3883
6463
2279
7135
1366
10801
703
10974
14756
5372
6731
4620
7254
7263
8519
4657
6761
1900
4114
10528
1172
6545
196
11487
11227
5047
9492
1347
14890
14298
6202
1225
14674
2713
15056
3834
842
13911
3537
14918
6347
547
4585
1075
2729
12143
14960
12100
8105
2485
14919
6824
2173
14876
4813
14845
4396
14538
8348
5315
1317
7773
10126
11974
10487
10613
10523
8810
15011
8678
12819
5532
6460
14997
1858
1021
10318
6018
11495
8086
10577
9071
13085
4878
8219
7897
7316
13343
8496
12385
10480
4397
4030
3421
12659
13102
8297
12912
10446
6211
13807
12764
3651
7116
10976
4216
3876
12901
252
8553
14246
11860
3701
6208
8330
3500
7647
1966
8614
4588
4376
14965
14811
6397
1517
11159
8016
6606
8454
1901
12326
10507
13691
10777
7333
8615
11225
14318
13566
6756
9326
3805
4226
315
2233
11447
8129
905
14730
12375
11254
8121
4141
7104
14278
10162
1811
7149
6434
3856
7291
803
10339
10336
15037
11591
31
8181
11221
6996
4852
10200
4245
13922
7730
12368
6853
8044
4582
4599
9318
1629
8438
13080
1341
1138
4882
1862
12116
14727
516
5075
12624
1614
1859
10761
14679
4445
13350
4546
7219
6474
5240
8672
3818
12030
1594
13889
10403
704
1713
200
8683
1861
7598
4872
13003
9501
13275
14785
5971
4900
4293
1135
7430
4497
3855
13600
8092
14914
779
14013
9215
13104
6436
14651
2746
8015
1390
6019
2769
4435
4556
4386
11496
6416
4619
6745
12340
11272
3528
1801
8901
12048
13953
14675
2277
1926
3099
2264
5081
5080
8838
848
4715
87
2377
799
3100
13321
5098
13236
7485
12702
11919
14263
11536
8046
7816
5792
6982
6981
6902
11115
10123
9626
12418
12894
4563
10964
12043
14338
813
14317
5070
690
6759
4640
12339
4524
1354
11258
7207
6825
6484
2791
12362
4247
1069
11744
12732
7320
6856
2830
7233
9500
919
7478
131
4113
5135
11193
702
8366
11761
4609
2348
2111
4633
2387
7942
9066
10828
5874
3833
6911
14051
13611
2724
1845
2193
1449
199
8042
14994
609
5769
10961
2101
11368
13638
7256
14251
12210
7586
4227
10618
10312
3836
2208
14907
11449
3749
2669
12325
15046
4614
5767
2232
1561
8930
4031
7955
10881
7079
2130
7217
7464
2574
7867
5770
13745
6865
9086
6203
4398
13656
13976
8748
2263
8116
5633
204
7480
3441
14981
6322
6702
1678
1781
11284
6899
8682
1330
15036
14719
13365
9337
9169
13979
4190
11486
4010
2988
6242
11917
1804
7052
14650
12642
9113
12546
10473
2160
9102
9021
7216
10155
14732
8589
14757
7656
3402
4904
6216
5908
8031
13299
14544
9002
1779
10128
11253
10156
10429
7194
6906
8241
4156
5639
11323
1535
10365
1299
8552
10116
1334
14977
11297
1043
7917
9353
4263
2340
8018
2114
1846
4828
14689
14774
721
2284
15088
3404
5393
4664
13725
11977
3949
9177
5355
11312
14513
3478
5353
7102
4661
12845
14635
4663
6735
1373
11992
6243
5091
13261
959
13661
11116
4526
14731
11164
13391
10519
14494
10311
1686
4649
272
4452
4525
1851
12343
12081
6237
12512
2760
11578
1136
11509
15032
3732
1510
10578
12160
11295
9090
2782
10725
14482
320
9148
8040
8413
8699
4436
7790
13260
2932
5951
13716
8014
66
11068
318
13427
1975
7686
12168
7941
9014
10884
13259
4579
11803
6437
4623
4570
13602
7064
7609
8680
7090
363
4574
8243
8743
4651
6757
5859
1374
11176
2115
4845
2652
8089
3458
7743
4461
3809
10146
397
11956
11644
4324
4901
6855
2352
11995
1356
10489
3479
7065
3822
1890
1333
14034
10209
6736
10555
7483
7196
8186
14851
201
4665
5876
2105
13099
2454
756
1679
7689
10812
1996
12175
14930
958
4465
5527
8526
13060
7424
2505
2573
4312
14248
9093
6457
205
9599
12388
4450
812
14329
2385
7392
4213
10308
8834
2272
13696
3645
11851
5984
12768
5882
6762
7488
11181
698
1407
10218
10152
2795
12020
3863
771
209
10723
13433
8036
10331
782
12954
13276
6854
10650
8338
12548
2287
10139
4315
8037
3397
14690
10413
8098
4372
4438
15085
13997
5898
12937
12842
14652
6751
10117
12158
10953
11501
8929
6703
6892
11223
4635
7109
15014
10745
7268
3020
4568
10400
4637
4584
8057
9246
12279
7901
4647
11927
2333
5134
10396
6377
3101
6885
1522
11224
11158
8474
4507
10131
8184
8761
2299
10141
1477
1109
5113
4502
13545
11417
13106
10371
13107
4595
1389
930
8529
14636
7215
1364
1497
10210
10958
11226
1217
849
7225
14645
192
10674
9117
6298
7119
14333
7153
6260
12660
10791
579
5794
825
49
7352
12595
7148
10129
6571
6510
10520
2819
11298
997
8692
11216
4385
2499
6864
11023
10230
7259
2330
91
13346
11786
10765
14164
8593
9876
3627
11024
6228
12722
14653
12825
829
9145
6414
11586
4509
7726
2417
2320
14163
2473
4590
7966
6546
1844
9082
8005
14871
11366
4573
7156
10181
6446
8684
13283
15030
14959
7044
7902
13426
14762
11610
7209
8087
13776
9168
4479
14913
920
14539
8601
10885
5985
4621
8518
1648
1902
10130
4523
6839
10402
7415
11454
823
8060
12544
2570
827
6553
7252
4594
7274
9507
10122
8079
12843
223
10680
11526
2756
4934
10450
15080
4643
3899
6455
12244
1029
2066
10575
15034
1252
7363
3842
8571
13174
12277
537
4243
9081
4608
263
10481
6718
10539
7080
5591
11645
13475
7802
4133
6886
13159
10714
4202
11494
7954
11613
10168
10678
13325
2731
14432
255
1684
10576
7912
6454
13627
14877
93
1567
10490
14411
3817
10548
15026
3980
1326
8204
4490
824
10954
2113
1841
163
8293
12046
2786
667
6509
3054
6046
13334
2737
12290
2437
6734
10440
13193
12714
4604
7778
9488
4866
2106
11541
1797
1465
9504
3102
11818
10965
5978
999
9122
4989
15089
6620
10766
6401
6438
247
10160
4160
548
6755
4210
10637
11590
10902
5317
5116
6321
6724
772
1799
979
10384
12056
13751
6478
4646
8078
11577
7261
4155
8621
11428
5768
11472
12876
14161
10789
7797
10322
2477
9100
10478
10387
13989
8333
4671
6296
10401
10925
293
6840
3502
12895
1829
12955
2276
13190
7728
207
7650
9222
13795
2322
14910
13549
13994
915
9598
14809
2391
12344
10611
14838
6834
11572
13583
13121
11828
7184
13399
998
6240
13711
9022
7214
12740
7789
8077
7140
8384
9055
10459
1348
2082
15015
364
795
10197
1683
770
6406
4908
6925
4504
10712
15090
14810
8066
1920
5787
14957
10568
7489
1976
10701
8779
8443
9053
10556
776
5467
67
2321
15033
7039
6407
13565
12818
6442
6728
11367
8923
11830
4624
6465
213
10360
2235
830
9149
6199
13640
11963
195
7311
13975
4627
13105
12281
13886
14911
4218
7061
13156
9627
8065
4666
4220
14014
2456
12358
4485
12542
4440
4448
6636
14244
10675
2814
13752
7969
13279
4270
4185
4442
1439
1687
7469
922
15013
8737
1097
13678
10207
7089
15093
9243
8033
4251
10583
14437
860
6485
7297
12721
11402
9144
10142
12280
1972
13990
11285
14972
2740
2676
8039
11740
6270
1187
7393
14902
13978
1320
4600
4583
1834
14162
6908
12769
10164
14680
8045
1499
13031
10552
1949
4948
4902
1452
5950
13675
7347
14032
8197
4670
4631
13110
5765
1787
10929
4102
2784
4883
12643
844
6200
8179
4354
7273
12471
4441
8391
1586
4214
9103
5781
7838
7141
8530
918
11579
246
5783
4215
4881
2057
4307
5820
4648
13991
4653
4439
15009
810
3838
6154
13571
13144
11056
4733
12356
5870
8084
7271
1592
13011
13443
8767
3104
5535
931
729
1589
7113
3115
7114
12918
12469
4500
9136
2245
898
7869
12682
6096
1948
14575
9875
8638
7232
6918
13960
5371
14642
8998
9557
14639
1554
9350
152
8572
9922
14817
14886
7420
5943
10195
9586
10027
10439
3882
14229
13741
14326
5611
9556
14324
12920
10894
9911
14341
1965
1964
14008
3740
14325
14691
9564
2071
13324
5395
8294
2479
11831
9185
9186
10682
13747
2537
2899
530
7220
7377
9593
2895
52
9154
13588
7372
14547
2293
12805
5693
5324
7117
7118
11475
8765
6837
6048
7203
944
945
5323
6196
8892
7330
1709
9890
11805
14594
5819
7945
8836
7013
7172
8763
14354
1703
8762
14648
525
14848
14816
5632
8701
3573
14044
5675
572
3816
14435
1240
4706
1540
7493
5305
11027
4254
10938
13961
12817
11427
947
11820
6396
455
14670
2622
10359
1576
13028
13097
2297
12796
2415
9028
1597
1479
9027
12196
13290
4153
86
13280
5182
11821
7678
9621
6389
9909
14595
6491
12892
5152
6033
12372
12911
9905
6198
12316
4613
7585
9338
13289
13238
3650
7234
14649
13805
9025
2273
1378
3403
11618
661
4630
6750
12786
7120
8731
5711
12177
876
4580
2741
13821
730
1946
9157
4075
14357
10541
12887
3462
8379
10822
10886
5290
14912
5330
8700
12790
8035
660
10724
13220
11646
12361
12947
9316
257
11653
14054
11719
11228
14262
4992
10586
1590
6534
1860
1967
11560
8295
7169
6359
3747
3106
805
4868
11562
14558
3689
10602
1898
4714
1764
1994
5678
5894
1133
4503
13587
9629
13774
1506
1508
5
13995
9495
61
8397
6331
6358
2721
5775
10056
12374
4973
11687
10394
7981
10188
12389
7898
9910
11270
10629
12806
3527
11575
14525
1806
413
5181
5123
434
2954
14010
10105
9263
13034
4734
1458
4598
9954
2142
10818
13969
6226
5854
4460
10470
8392
5430
14416
3202
8437
14775
9521
793
9868
11581
13096
9571
3918
14222
14339
11636
5746
10111
2627
13084
12921
10033
14818
10516
9955
12997
1692
5076
3110
5739
9611
12040
14358
10937
1935
11026
1553
10632
10016
5256
3142
4652
14336
1608
1677
7210
3459
28
10585
8451
10057
7171
6594
8698
11983
6716
2582
11789
3435
8306
12270
7356
5308
7322
8124
10529
10158
3399
12824
10474
12670
14252
818
7160
14632
3493
5718
7200
12608
974
6919
12099
5791
4098
13360
10119
925
6712
5391
8082
5712
6827
1345
5869
13955
5136
7676
1132
8210
6335
11057
4821
6532
2261
4542
2286
9957
4484
5316
9229
5466
4235
6671
6475
11993
11925
10034
11616
12036
6288
4957
3135
9494
1784
12600
8106
9960
1635
1504
3084
3037
13974
797
4222
9594
1548
12039
2248
7473
11720
8576
11144
11431
1376
7982
11918
5755
12438
4501
11824
1546
14029
9024
11737
10796
1835
4567
13059
1447
3551
8742
11981
1302
6722
1602
6624
4680
806
5941
10458
10409
10671
10722
10482
11684
7597
7573
10730
4469
10710
2305
8182
3375
8809
7230
13806
13985
9072
7931
1509
8825
13219
7158
10928
13027
9522
5349
10631
8704
509
5100
2382
12034
410
121
14258
1990
9929
12655
5106
13125
4305
8085
12198
10569
1060
13235
10036
948
7212
12926
2938
11631
1577
975
7799
5408
9912
9567
7948
5288
14328
14048
14436
6836
3444
5429
4205
10053
12927
9563
4976
7827
802
5377
5274
12038
6487
13108
9562
13438
9961
14685
12402
12930
7060
13245
6456
4557
7115
8110
7591
11546
7004
3750
12229
10692
12065
6004
3688
14721
1031
5887
2628
1467
8394
2140
3746
3741
12492
796
6951
13109
7947
3570
190
6726
7174
1034
12931
9565
2384
13895
3231
13216
13217
11794
12885
9163
5403
10826
12754
505
14348
13385
13037
4555
12928
11565
3073
14687
11891
6070
8590
10708
9962
14588
14640
10015
4536
9866
7429
10993
1545
1682
1732
12884
5209
5208
173
1494
92
411
5987
9963
9590
7007
6304
4313
7849
4719
13949
7939
5179
13689
12456
923
1526
12925
6235
6297
2923
6265
13032
9923
11542
6241
3665
4794
6030
12373
5243
5244
13435
12893
11871
11388
8735
1433
1670
12919
6600
1547
2661
10623
3055
4538
417
14584
2626
6435
1795
6428
10616
8135
11592
12442
10596
77
12773
12699
12696
9510
12620
12823
10622
3992
9352
10432
7170
5192
3312
11399
11609
9561
13792
11668
9908
7470
1518
95
13317
12381
6312
3093
4626
6748
6031
12035
8075
6084
12815
6714
1450
12923
13252
13402
12992
1796
4330
7041
3862
11063
2891
14560
250
9128
4086
13389
9333
10006
3471
253
2247
12844
9542
12130
801
7983
5905
13195
13759
2295
7967
12712
13472
9604
9108
9612
11615
11790
2067
12274
3398
1555
4874
3536
6049
2314
6215
7999
10095
1731
193
9084
69
456
6034
2283
4656
4345
10021
1307
5904
6760
1954
12240
4967
5900
7822
11742
12452
12166
6131
14337
94
10017
12437
13746
2752
5710
4314
2249
3146
6713
3734
11141
9228
529
3860
9351
5891
13547
6052
1623
12929
3089
7729
6453
14373
7328
29
12550
1638
5896
14058
1490
6239
8381
10022
13916
1598
6862
13222
11106
12650
3173
800
8083
12594
5740
9569
11629
8554
5103
5141
3544
13035
8132
14057
4203
8917
11096
7383
4859
2658
14350
6068
522
7577
12922
9965
2821
13574
5733
10709
14353
14260
6411
7885
12989
13959
6255
7580
1785
5899
5540
9223
8766
4704
12161
3511
13548
9592
3498
2427
14055
14372
10996
10051
11589
838
381
14359
683
2907
14426
10720
9956
13973
5200
4711
2640
14507
14580
10517
5138
4586
2800
6675
891
10127
7592
9247
2625
6887
3687
10941
14623
9112
12982
1464
14307
12429
6044
4561
6727
12644
7331
5178
2650
5536
7338
12505
14287
1403
1674
3332
5605
7989
10719
13758
7847
7491
8740
2154
2109
3165
13693
4316
2171
741
13609
3890
1482
3769
7494
7858
867
5944
11087
3144
7312
14433
14548
5052
3172
6193
10592
12044
12913
11524
9944
14383
12718
9167
11008
11512
560
3159
8072
8525
13192
7390
4063
7669
5105
14385
3685
352
3800
1254
1019
8470
7929
2928
6578
9595
10582
3321
684
365
143
1636
13900
11064
9170
1117
3946
5873
2543
7957
2291
6010
12759
7653
10597
1792
12760
8289
7652
12715
2493
2735
2459
10815
5413
13788
10665
3315
2491
13983
13411
10628
10236
835
3678
14073
13604
790
727
6633
816
3389
2755
13406
2964
9164
12000
12956
8134
8446
12345
1591
10204
12782
12826
7581
7765
7367
3333
6069
7865
12801
12667
11150
1248
12599
14484
13993
8257
746
12159
2727
9496
12068
12915
57
3175
12948
460
1817
846
12987
14375
914
11643
5954
10783
13748
8505
8536
6074
5738
13062
7670
14352
7997
5167
4993
7786
4152
619
13644
5619
646
2553
1550
8439
11175
10504
8028
6017
5606
5053
12720
1215
14313
12526
3185
1953
6669
7927
638
13699
8607
10449
1930
79
585
5284
1899
8103
11099
12237
5392
5541
14417
9430
8387
9505
499
5547
5077
3153
53
642
8063
13593
10420
10068
5286
1420
5582
5051
6632
2482
8062
3306
5907
11518
2175
14056
8234
2817
2176
6000
142
2381
3646
3381
14617
7381
3012
3131
9585
777
1836
11001
4552
1142
2423
2845
12332
14365
46
5120
14791
7361
9213
1400
5002
12226
176
12242
650
2478
5599
1762
10184
4328
9023
409
2355
5340
2331
12590
7673
13954
3014
3018
7105
596
6372
5875
5357
5929
5750
1491
3801
2408
7517
1176
607
13323
9843
1413
13803
13568
12453
1174
12584
9584
10423
14702
10814
7518
8059
11481
507
4997
7850
5571
890
380
10406
6020
7514
8523
822
14259
12558
630
3948
12222
3878
11261
5406
5111
7425
6181
2040
10167
11580
4110
148
12246
7607
2005
5149
5807
11683
2004
5877
685
5279
13914
8123
12241
5242
3056
12430
6118
10187
2902
7345
7661
11516
7319
11145
635
5866
12984
5197
14860
9313
9754
5590
5456
652
606
4017
10008
963
1303
10023
1495
590
12525
7589
5277
8528
11997
11275
1235
2162
9606
5245
5990
7332
233
9587
4498
11489
3160
7325
9862
5293
13626
4076
10918
11000
1391
6187
10795
2709
8290
5521
10788
9903
5066
2793
2334
13946
9966
8061
12278
9580
454
2754
12294
3383
13081
10011
13977
11587
902
5146
5488
1393
14644
14379
5452
4995
2121
2710
13671
8690
7038
6313
4499
6548
13244
14527
6333
8388
9303
2813
10737
3246
5597
8751
2685
7423
7727
9871
2060
1046
7613
4958
12450
10931
14288
6009
10644
1673
5067
11637
14622
7248
7852
3181
14861
12148
4089
3192
12560
5206
8538
5318
13621
14821
7103
7863
3871
3956
13419
5538
14833
2
8096
5148
12323
5531
11269
3307
10906
2274
9969
6172
6309
6447
5449
11678
11149
13860
6555
3997
13420
58
2345
12324
10483
2328
7062
1114
8965
8938
9684
9393
12412
8532
9437
3519
13578
865
6039
14098
312
8486
2881
5082
14446
1222
9836
9470
2952
7803
11111
1309
8535
688
1193
8972
3549
3340
8176
7307
7308
12700
12257
11567
14543
9994
11778
12234
12235
8177
5312
8855
9839
3452
1672
14686
1993
9487
1783
5671
3954
7343
6041
6976
11309
4009
331
13897
1224
7183
5939
9624
3200
11642
10182
5895
184
2587
14782
6144
8524
1279
9455
9814
3328
11647
12936
13344
2252
526
5994
10484
9987
14958
11182
6040
4344
2785
10295
4131
4447
9717
12118
3040
10289
12521
936
5457
9508
5306
8990
3574
5560
946
3194
11777
10385
13177
6884
6993
9257
10300
8610
14615
6572
10002
10333
1654
8856
8244
14956
4384
1098
8758
7976
7021
13269
12628
6168
6784
5684
5661
5960
13797
7201
9469
7527
4286
12155
12449
9720
5222
14800
7844
1928
7936
10769
5003
7564
706
12448
9451
2527
2529
5263
2461
11236
11799
3944
3998
6627
8174
11173
9982
14793
10764
952
11573
5903
13204
11066
8465
297
10241
14832
949
11166
6425
12112
9635
9355
13237
8541
6882
10787
5358
13544
1201
10832
8561
5191
275
9181
7237
6522
7238
12395
319
8934
10349
1921
1030
13796
10770
1001
8712
3086
11005
3217
2458
8222
9666
550
9707
9402
13313
7984
408
11889
9411
6877
5969
1866
11050
8172
7512
12684
6697
7780
14408
3786
8962
9942
14836
7794
2008
13625
4352
2439
13351
11118
2500
2589
5265
4144
1813
2747
1057
11508
12243
3285
6719
12509
1250
399
7376
4760
8931
6066
8608
6440
11759
5063
12791
14382
9973
1148
1514
3484
3274
2880
10550
6171
8469
8606
10677
7471
9653
14022
7026
13088
14214
13058
14035
533
11467
3512
9975
6479
3697
13282
6686
8510
12994
8537
8509
893
10825
2531
13901
11469
3196
13783
1607
12073
10563
5576
11049
11466
10605
8478
6112
8301
13178
9824
8960
11568
12965
11553
12538
9280
1177
5938
15097
289
8351
2520
11034
4796
6814
1603
12147
7155
9803
5617
3209
11582
1693
6099
8479
13722
1488
4371
13474
8226
2995
722
13094
10987
13713
4916
2405
5578
4201
12327
3653
13862
4936
1207
14565
3130
12003
11989
13333
11550
12403
3148
5156
3290
5364
1977
9138
8861
694
502
11796
559
2915
3526
11638
14666
11406
1253
7932
14110
6159
4488
11009
3013
12709
8350
12009
12179
5170
14072
11025
5503
4278
649
8924
7526
119
2643
13876
14125
7250
7507
14883
2933
6830
5844
2433
8000
6280
1962
3851
4377
5621
8845
3184
1
13732
3004
9995
12789
8848
5796
11602
8557
13826
10284
1422
12416
10094
13422
13456
2269
8390
12775
5001
6129
1079
8246
9823
3743
3240
7398
7122
9553
14019
7824
1424
14194
12378
5461
5458
13957
9976
7839
5336
9775
14121
11207
4082
406
6184
4835
8159
8618
14172
12783
9811
742
11673
8372
13114
5963
7025
5454
3706
11502
5313
2362
6113
14514
12752
11053
12407
8769
9885
3849
10649
159
10838
12899
6415
8189
14448
11506
13065
10666
1955
3058
9179
1453
113
14415
11952
14235
3775
4975
13393
13240
6073
2239
11548
5695
4984
4422
13431
1533
14879
1370
13093
11812
11910
13584
13241
1086
3457
5643
13227
7683
3721
3033
7922
1626
1780
6014
2670
3972
6125
14475
5231
14948
757
12968
617
12637
8895
2967
11641
10257
1519
2873
12432
14672
480
8507
3657
5959
9776
6684
12664
11564
11559
4903
3825
13703
13507
8696
13681
584
13394
13002
1888
1725
14885
14159
11010
11445
6426
12080
8432
9287
12053
9930
9996
9940
1038
4004
9582
9698
2826
9719
7544
9978
641
645
736
3698
8002
1155
2696
2701
4164
12010
13829
12233
10263
4541
14708
270
2918
5034
5956
3158
3376
12631
5015
4554
10697
5648
1298
5260
1409
9935
8723
9030
2831
4337
13382
7302
6649
13964
10991
10285
3189
13843
10356
970
8542
11043
4420
4684
3704
6997
2434
12566
4336
8886
8411
673
6016
4392
7675
9188
1163
3242
10093
2436
1305
9038
11191
14346
14466
4854
8842
5837
2720
578
2363
7346
8487
1045
9042
5494
264
9010
11762
9009
9619
13499
9658
12483
7756
3188
5839
10281
6330
2869
11242
8951
6285
8730
1527
3840
5498
9622
3839
2956
5600
220
5911
11904
14112
2431
13848
12710
7629
3496
102
9207
14753
10042
3329
2394
6926
2374
214
761
10357
14290
6665
9607
5679
10846
2852
11798
123
13455
13956
5928
14126
98
14949
5201
1511
3865
5348
3299
11770
14250
336
9325
11341
393
14536
6515
10936
21
11583
10077
7741
11011
6015
6087
12413
689
11002
7521
11584
1940
1942
6429
10065
12188
8153
6616
7344
3767
5763
12213
12052
1181
5761
12678
5185
8835
3525
5219
4935
5972
7548
13095
12022
100
3566
9747
12957
13704
2343
15022
14116
11901
2686
3975
749
2715
2367
14069
10739
5229
11277
5129
6945
3292
2820
1484
3204
13682
2516
9385
2339
2375
13368
2827
4926
12261
14864
13400
3156
5232
12506
747
11070
2801
1487
1872
10845
9751
8157
6948
2920
9625
8558
132
12853
14607
13642
12376
6158
7092
12377
1246
7419
287
11046
13486
3138
15105
5247
10779
7547
9734
13514
8916
5228
13535
4860
9808
13532
475
8623
14004
11686
8324
8582
12150
13819
2506
6109
765
6628
2435
6535
269
10018
13525
1879
11222
1722
2863
13933
138
1706
2373
7198
13559
13146
15005
764
99
13888
7436
8570
14458
9783
14608
544
6579
6656
2922
7499
9798
9858
12723
11300
13022
1070
5337
3470
10354
9439
1539
2084
8458
8459
989
7323
5246
10080
13373
5912
13483
14347
3244
12488
8267
11262
13496
6408
9777
10252
6664
11503
3215
8270
13398
10687
13388
3350
14419
325
1913
6259
13762
13495
3795
2397
13679
13127
5762
3504
14555
12004
13581
2526
10672
5508
347
12199
4473
2879
7057
4429
6151
14717
14396
7355
6093
7373
6502
14109
10562
12173
10208
3230
3991
8764
39
5202
9800
2919
10254
9869
12970
3229
12061
1048
2236
5259
6445
8265
14082
13667
3405
5016
9792
13526
2877
9183
13500
3880
6183
459
3463
6663
10355
3507
8775
5050
9667
3053
1051
3226
1402
9123
10066
14712
13924
7660
10412
379
8268
3595
10163
3594
1876
6177
11569
2680
5817
8173
10780
4955
6634
3892
10860
451
6284
5368
13866
7074
13045
9749
3177
12995
3449
6680
13408
13231
5061
3879
13519
343
14905
7950
9369
9463
8534
8833
10424
13392
13077
306
9282
10909
10211
3253
8276
14936
13014
10986
14660
12611
5017
6637
6328
12390
12896
6994
3239
8180
11344
6654
6481
2018
3154
8407
2014
3238
13242
14576
10346
4023
8647
2924
5258
14862
13524
11866
12501
11185
8199
6271
7375
11971
3804
8171
3152
9953
2980
10554
4043
3919
7076
10325
4403
9288
4532
4121
165
13387
8630
11707
5618
12063
7456
13516
4389
6765
9737
6067
6878
11711
10525
11841
2942
8477
8481
12703
285
8639
4674
14076
1388
6938
9762
12776
8604
386
2550
681
3263
4946
3275
6639
1182
13476
3139
11337
2950
168
11679
1337
1340
2700
941
13468
9104
3064
9062
5922
10256
1185
7636
1870
4894
10967
9933
4925
111
4197
14600
262
13680
15094
1251
14314
7529
14208
3140
1534
40
534
9293
12583
503
3710
6699
11031
3372
41
12357
307
5604
6287
10238
2329
9686
4067
5455
3829
1184
7475
5921
2000
6286
2061
8893
11178
2809
5045
7366
15095
2542
13569
3513
7304
4081
2470
5962
6989
13881
6075
6402
3098
9121
4515
9902
9668
3218
7533
25
6042
12606
6107
12293
11890
6108
13705
956
14191
2027
11665
8464
5843
10047
6941
11045
4909
3540
13536
2839
3787
1012
10767
4842
11797
13841
13720
1423
9225
20
346
14139
732
738
1018
675
682
14735
6708
7724
101
114
7562
7587
7168
14803
4544
317
14486
1889
6130
1316
2001
12490
9936
1521
9733
9813
3524
5629
10968
13934
6551
12967
2825
1153
14510
7071
13534
115
3768
2927
739
6175
10278
11036
6501
1230
8347
4041
14334
9760
12810
10041
1195
6145
2009
12064
12059
267
5802
6613
10862
384
11333
14330
12006
10189
6393
11370
8279
12809
1089
7576
10485
5042
12719
14512
11339
1425
5826
10193
10425
9701
13453
2940
12516
9805
11051
4963
375
6086
10206
977
1190
600
13777
671
3853
4480
10858
11484
2519
13761
676
4206
8578
5233
11800
3521
591
10748
1649
3552
9633
11523
9647
6591
9110
11243
875
7125
13067
11335
7672
12405
12206
8925
9941
11776
4807
6909
6204
6045
2842
14127
14434
10107
13401
1099
12227
8885
3371
14748
6078
11626
734
12859
4850
10566
8871
13503
13046
9111
10081
5784
10579
4959
4454
13606
15059
9692
11600
10072
5927
13987
13599
14390
3465
1828
6174
557
7002
4745
11282
12766
10553
11044
3629
452
1087
4458
13541
10913
8303
12634
13423
2132
9632
4391
1024
13591
13285
12981
14795
13794
10245
13076
358
6621
7525
11459
3668
12355
11425
6157
11881
644
10296
110
872
10688
1296
11908
1006
8283
11772
1856
5715
532
2944
9763
8771
6676
1824
4427
2855
12731
3636
10258
10681
2911
14020
3030
546
536
13395
3151
11334
11662
13721
12428
4516
12007
5048
589
11085
10509
1696
4864
2133
328
5742
2937
10321
9855
12223
6596
259
13369
13284
10115
12996
3708
4199
735
4032
6939
2941
3455
10381
12629
1013
873
11604
13491
9643
3339
3888
4431
3434
12070
9646
3303
7188
8643
13907
615
10096
14310
9069
11385
4262
10282
3034
12201
7668
5945
11037
3815
12091
11360
2518
7500
5046
13543
9690
4893
14744
1434
14780
6003
2994
1524
313
2854
511
5441
3279
2803
1152
164
12211
13205
9938
13580
11603
2804
6419
167
575
658
6148
2844
5555
1313
2056
9189
3866
13352
10949
714
3707
6170
1166
1894
7610
12151
12777
8847
7003
9208
15021
11350
14216
3772
135
2396
4362
11738
11696
180
9851
14734
14947
3583
6554
5442
11097
3343
8194
3168
11048
13928
9616
5714
5716
13132
10226
10316
7651
8881
11442
5641
2266
3518
8026
11907
5666
11430
9602
1987
9446
1385
3261
9793
13753
1454
1265
2630
9761
12136
6430
9434
13744
2495
9699
783
5462
14564
8609
11671
12739
10718
9915
1231
2829
11013
6450
3348
13836
6441
10275
10922
6932
6342
3045
6185
10279
9252
6603
9484
14863
14554
3771
5338
14444
8702
14157
11448
7685
4040
2569
7036
9888
9916
8349
8826
6111
13596
2841
5407
12170
8254
8669
8019
3654
990
8224
8926
12726
4690
3227
55
6630
462
12535
4721
8165
2034
555
9980
12962
170
14158
11371
491
290
6360
14233
8927
9782
8564
13518
1658
14779
6121
6629
11299
13910
2190
11593
7134
11883
14384
6155
11319
12747
9947
3857
2002
8271
14563
4080
1878
2168
7720
519
5502
2025
372
11474
7739
10224
9140
5329
6110
3234
680
6163
2511
9309
2504
4944
2238
4034
13430
7977
5698
4486
37
9664
9756
3529
7604
11400
13288
9216
8264
3161
14515
9771
14153
520
5537
4717
5588
11211
5401
5492
5224
3585
10314
7286
14123
14469
6641
10499
2847
13509
5321
501
5886
14796
6473
8167
7267
6915
13533
8020
7287
9171
14629
8284
3940
1291
13300
5624
564
4318
13200
9129
5346
2892
874
5144
1244
10327
13820
84
4159
8620
6051
8619
4078
4953
11863
10185
2202
3167
12328
14090
6647
6127
7266
6543
13982
3489
8398
1639
8950
13361
14859
558
13852
8281
2871
9301
10567
12522
10479
11766
13750
6650
12524
3300
4425
12113
10143
7205
3220
3718
3793
10177
8648
7684
13875
14450
3417
6644
14569
10990
268
14086
11748
10315
6165
7703
9311
12808
13154
10559
3565
13882
13724
10353
8772
13815
3313
11985
14097
12580
3564
4011
13225
716
8144
10366
9307
6482
13270
10492
14471
7712
2943
8675
1869
3250
12513
13579
8292
1916
2687
6371
5493
12069
11208
11380
7522
9278
10067
10856
5417
3183
9931
5510
5118
10431
14100
3356
9235
141
1257
6115
12964
5006
13685
3922
5650
3693
11868
6998
8221
14106
3357
8104
14291
10280
13286
4179
12999
11838
3474
12083
13778
12697
12121
12907
8940
12106
4941
240
12125
9264
9238
12613
10198
2127
14533
13786
9422
13118
9832
2512
13147
14582
11215
11988
13315
13871
4183
420
3824
3308
9234
3667
340
13561
10444
326
7239
7554
6483
5785
11867
6648
13755
13624
5153
9202
494
6959
2901
5651
7627
737
10468
7446
2914
5561
9277
6813
2890
6089
4404
14192
5620
12392
9829
4301
10462
1151
10341
4996
7454
10573
13381
14521
14105
2507
4732
338
2089
12321
13618
9738
11364
11232
6405
8
12058
1927
10793
12095
14241
3485
12120
14579
2035
222
11311
9645
15035
3813
12672
9618
1827
3929
9298
2464
14709
11735
2664
7413
4020
1339
12033
12067
11279
8563
13629
9806
1943
1944
35
9249
6043
3096
10670
14367
7506
3614
11273
12785
6218
3078
3490
14711
12802
8695
13021
13527
6662
1541
11059
13905
9543
10882
5774
8694
8727
136
5122
6047
3797
1306
2370
2904
3587
329
3682
8280
8160
2951
8918
9919
5032
8393
10427
14236
14743
10079
14040
14488
14130
14643
4054
2948
11162
14026
13529
508
14370
5298
4221
2559
8423
8261
13330
10277
13151
137
3091
14188
10345
5744
3344
2028
10673
13229
10422
13945
6611
4471
1005
937
6615
2395
9049
13139
1025
5289
5615
161
10581
10456
1095
12297
8840
2369
12319
1707
2513
13622
10148
8115
1002
5398
10113
7310
2442
9532
12415
10205
1849
2816
6383
5924
2023
13115
8357
14754
10297
10244
7484
10805
13066
784
2671
549
14467
1743
10966
3428
8567
12014
13274
7970
7027
10742
10472
14904
2128
11432
8597
1315
6992
11082
4424
5851
435
415
2717
7349
7946
871
14464
3420
448
10743
12609
5172
5011
8646
14714
14940
10806
14266
1096
9531
1825
1421
10841
13827
14944
11155
10395
13851
271
5797
11839
3195
2846
11038
1015
9260
10306
3702
12
12508
4012
11212
2541
12011
3486
2810
2404
7461
14473
2043
884
395
9993
14089
8484
14747
8625
14573
8907
4930
5213
3491
4863
3850
12963
7037
12910
10933
3468
13813
12072
7711
14586
7029
6560
103
14145
10934
1050
14599
7760
12015
13552
32
10370
1476
10775
4259
3048
11498
10055
12949
4132
7218
672
345
7979
14360
5925
14094
4066
286
9019
1474
751
9057
7401
12318
9891
10686
468
9459
12489
701
8383
4917
5216
14664
8665
3505
8127
5699
1355
12152
13025
2076
2949
166
8498
446
2672
6364
1885
8752
11179
7396
10135
12458
8709
2660
14218
11704
2992
36
8968
2946
1040
2083
3050
5674
1445
3852
14386
12612
5437
7679
6977
4765
3270
3965
107
8164
3111
13272
12353
14500
6635
11234
473
13723
8877
10276
9310
9
1189
9669
8605
302
11040
3325
6100
6527
11455
13117
5223
7467
5505
11722
13140
9827
9327
8613
224
6917
4991
10261
500
11052
12941
8729
10668
80
6673
477
10266
9184
3237
869
8185
7321
3963
10214
3464
11499
9794
12858
6167
9478
12107
1100
24
4374
9928
8531
2361
4428
12767
8228
12847
10144
12679
1493
6054
14556
9230
10212
11549
7014
13652
3955
10166
11424
14897
1294
10804
7385
15106
7826
3631
11086
6640
3212
11926
4419
11563
5776
9295
8353
12534
6626
13078
1429
1416
112
556
6149
13001
2270
4003
9746
10669
9450
8317
2015
10947
9700
11244
6956
7435
12032
404
4055
11712
5554
6117
10859
5811
10172
162
7088
6638
14740
482
11369
474
8961
5729
13730
9820
10269
11340
5845
3823
14107
8345
13952
8773
7438
14000
3641
12738
6152
13047
5827
1877
6625
13686
281
7269
3967
13684
11635
4074
63
3788
8256
10908
733
9190
13623
12174
1883
14865
1415
11921
2935
3872
8329
13494
11081
3413
8183
12391
432
11905
2509
10460
10264
13342
568
868
4512
13113
10377
595
11426
9200
9119
10159
11522
13201
5239
9755
13501
14068
6302
2934
134
104
1169
4961
9998
3810
9261
9651
9822
3864
1826
2878
13206
221
7379
3236
3323
9362
10455
14253
8468
8776
7611
7152
14715
9466
7965
2538
4375
8200
10307
7364
13903
10088
9766
2985
11355
13902
1897
10028
14618
6091
11898
528
2939
96
3806
9236
13230
14683
3803
6071
1929
11186
13864
6233
12480
1704
9286
13207
11373
14963
13199
11500
10217
11088
3703
5638
4432
10290
5013
7243
5760
13687
14572
10335
81
8770
9365
5420
492
11658
7348
6057
11896
6150
4459
48
15055
3676
8322
4954
7403
12146
10255
1016
1854
13816
5849
10393
6448
14081
6449
541
10861
11237
14778
8201
9120
7224
8429
13169
13239
10823
56
109
10229
10397
2947
5880
6138
97
7222
3831
11739
9559
3088
8888
5923
7530
2530
1724
1107
3974
2675
7556
1444
1255
13785
7985
140
12549
2828
8932
12066
13880
11441
3287
9687
11663
5567
8667
3327
3
9721
6936
16
12998
6092
7634
4234
1427
5563
828
12725
5297
5445
4104
5474
12991
553
15050
2552
9058
15010
8973
12312
9778
11483
3699
1461
6661
3996
9011
7916
3265
1137
13885
5545
8915
13007
465
1232
6146
10343
6537
1261
3178
13523
8906
1297
3843
4048
14152
3582
3201
12397
9331
7944
8318
601
2577
14492
12846
5707
11899
9770
669
9118
14495
2350
3931
106
2100
288
12401
10013
14111
10948
8151
12404
1428
4418
626
9205
13208
9137
8190
7290
3063
481
6413
3262
5524
5525
6293
14716
561
10347
4182
6850
9404
6421
11741
5211
12540
12093
2327
2533
8100
11098
370
3379
2413
10679
13708
12387
8880
13874
13858
7633
3289
4229
5566
6103
6135
7365
10705
1273
3626
4181
2058
14395
1430
3541
5027
11018
11561
2903
13637
4724
6777
3671
14938
219
1426
3674
14138
12132
7859
4044
2432
4390
5072
3589
1821
13409
7075
10288
9706
13793
11267
13929
6897
3326
9926
6895
957
11404
5728
7623
2926
7862
12909
6444
14137
13947
4341
1753
6896
9665
14903
12971
3214
6195
6622
8326
12071
7630
3995
12771
7247
14895
10253
4876
2150
1622
9573
7528
12337
11135
2146
6344
11283
7353
1819
7477
6774
4694
14601
853
10871
11060
14451
7069
1209
11852
13908
5513
11464
5552
11657
14316
5476
12681
13856
3962
12012
12756
13348
13868
5685
3515
3618
14095
9035
3608
7351
9314
3105
5396
11819
7621
6898
4033
8624
9644
6687
1353
8203
6769
4062
3754
11729
10085
1699
3783
254
2823
2568
9943
1832
11953
4511
13869
7181
5519
13809
6013
11685
3338
5169
10684
244
13153
11451
9279
3572
9454
1599
6283
3394
11330
11452
7106
3601
3367
12966
9972
11640
11873
5319
3953
4923
6137
11127
6493
14835
11438
12145
3427
6230
12692
1760
2310
987
14170
12615
2750
8296
11412
1210
7555
10609
8497
4847
9819
7531
2551
6798
1383
14804
1961
7358
13669
4250
14031
298
3035
13214
9248
852
6787
1382
582
13767
3592
2366
8373
5254
2317
1435
11727
2787
11190
12532
300
5689
9256
10878
11558
7166
657
8191
10751
8839
355
2480
9914
13893
14476
9218
8935
7812
8022
8215
311
1839
6574
12167
10328
9937
11537
7622
9634
3848
768
14457
8344
8375
15096
12411
3298
12518
7888
11931
12104
9275
15108
13837
1241
9856
6012
12351
643
9924
679
13497
594
9882
9174
7411
5130
1757
9887
10267
9176
13849
7289
9008
5311
3539
6120
13
940
9816
13502
3258
14142
2864
3090
7606
7940
14840
9821
9012
5255
4919
8795
9006
3400
3132
1236
9124
11248
8664
14406
6217
15099
3586
14176
9427
6142
7242
11987
10768
7097
467
2638
8911
9458
11667
12185
1886
13894
5726
5126
7236
6929
14269
13041
7509
4846
14662
6659
1969
11041
11214
13042
14108
6090
629
1199
2198
12474
3981
483
5405
9714
8312
12399
4321
13452
38
10020
11274
82
1612
7807
8811
3203
10835
5389
62
9036
13814
9004
9005
9007
3206
5291
6122
7329
2909
5270
12031
2712
5655
14140
1259
8708
11080
7841
10836
3598
1745
1807
3812
4357
14517
5326
5269
5664
11315
2840
11912
17
13828
4455
8802
3219
8568
611
5697
1758
8094
8687
9742
14713
3259
7511
11389
6783
4742
11189
3288
8689
8598
1960
3696
2984
9276
2166
2684
236
12001
1282
3319
12591
3440
5186
14311
7130
14114
6685
342
11876
6849
3112
908
12302
5543
2242
5523
1304
14154
8355
7354
3621
5730
5665
6496
10070
10071
12287
14001
7958
14592
6136
4340
9212
3190
6363
7016
12129
8138
3283
14122
9812
10849
12693
1473
8963
10608
5433
4150
10830
8336
10215
12750
10693
7380
13421
4786
13709
8959
11471
11833
7569
3205
11893
9865
6173
13664
743
14969
10153
5435
11902
7357
6420
14550
10194
3628
13340
5691
7034
4951
12464
13873
8787
11119
10003
12133
3467
13180
5468
3437
10900
5645
1165
11920
9274
2062
3969
2457
8178
1463
5616
8048
13004
1052
5955
8491
4405
4101
13133
6133
3336
11264
8778
153
14631
12305
1823
11660
5375
443
14084
5996
12787
14165
10997
1513
1986
9713
1721
9405
4505
5007
1863
11885
5431
9704
6688
5359
6531
6931
5415
12122
14166
12225
7449
490
6161
10811
1398
14598
14604
3928
158
8879
12507
407
12503
2271
2629
12247
2346
11942
12882
2889
12154
13984
13830
13867
14119
1247
11395
3968
8890
11405
2706
7434
1756
7501
4551
4007
1198
10249
10348
693
14210
15063
12557
3908
13906
412
11554
14759
13636
12974
3198
12539
14710
9864
5980
466
9637
9356
391
3182
1868
12060
12576
3324
9639
9358
12439
15060
5008
12286
8750
7933
2455
9509
2487
9979
5164
3909
1414
8946
13310
8978
4662
1968
8705
6764
6326
10150
11605
13414
3907
6143
9913
6590
11768
5301
3127
13919
1922
14452
8170
4134
5682
1292
11410
3556
10756
13775
5688
12400
8313
8500
14120
8760
9631
8378
12425
12635
9817
13833
2031
12545
1668
12470
13909
5459
11556
8202
4938
11352
5133
11394
616
4970
3652
9098
12347
14700
4911
13749
4910
14566
14143
6011
9588
13273
631
1537
2783
11809
9703
5057
3450
229
5687
9400
9874
8370
1669
14402
12486
8713
5443
13620
9850
9479
4021
5640
3514
1116
1023
2462
8633
705
11840
5339
883
9773
12360
13505
5935
5497
1871
5237
14479
4855
6427
12144
6246
1718
9870
7928
8377
2212
4135
43
882
7553
7959
5360
5823
3025
10920
5285
12216
10734
13100
13857
3501
11724
12420
10707
12601
2481
870
1308
2631
10867
10907
9630
7476
8511
12359
10089
6060
6693
719
7538
2422
10754
19
8428
10874
2097
10813
7693
13485
9739
9420
186
9744
3915
11543
4024
6378
9702
14603
8891
9401
8716
9846
6666
1285
11114
128
3914
12774
6134
10075
1867
6609
8685
13766
8755
3557
1083
4924
8717
14371
5771
9934
3026
6102
3670
13800
6577
324
3320
2545
3561
9636
4921
3207
5108
5677
8759
2558
3690
5610
2654
14141
13437
2275
8023
4928
4128
2974
5083
1186
3021
7987
4668
1204
12798
11047
4514
14169
2324
8853
8659
3522
4660
10890
10087
4669
11357
9640
4673
2466
3284
2917
7395
2742
9101
3623
9925
8846
8169
2521
5574
9830
11172
3213
8887
11152
545
11614
4775
9423
4804
6817
7615
2288
5334
8521
14079
11317
12961
5024
12272
8166
4752
6349
6452
6801
12797
8162
4163
6300
8686
7161
1318
11497
7523
11897
12468
5354
14455
3555
6308
518
3469
2030
11054
9142
4002
6461
4288
6451
5627
14955
13186
10977
431
5230
14294
13818
12090
14619
7005
1054
4423
11209
12128
3378
4406
14007
5088
3794
9804
8636
14941
12410
5307
9221
14478
3600
10151
10778
9308
11321
8275
4986
6432
1262
13338
3260
5926
9116
279
4781
13838
3046
6700
6807
4053
10854
4095
3916
9857
3705
12973
8285
12239
8272
9741
12258
6162
14101
8266
8262
12951
7422
855
8878
8269
2011
11814
13768
8843
10434
13646
11677
10927
13446
4496
7626
3248
13187
4889
11083
3331
7246
13520
1056
9765
10544
3038
9575
12463
12105
13729
3622
8068
4057
2539
9799
2872
10753
9649
10511
11935
2006
7882
13927
12661
3684
10246
12888
5649
241
5056
2075
2936
13663
9695
1281
6541
5059
766
4918
8456
7887
11713
14030
12577
6943
1714
8560
8227
14946
5694
14834
4027
10696
14606
2972
12467
13152
1197
1884
8168
2430
125
6706
8163
14523
11168
4756
6791
14459
11390
14470
10508
2120
9791
18
3964
6160
8263
11342
13619
5556
13840
5388
11140
13562
12713
7960
6786
1200
449
4308
5741
5012
1139
13831
323
8522
10286
182
15109
995
5438
5410
7510
7559
1191
12209
4049
14611
2688
3017
887
8533
10045
188
3910
3599
1196
3830
12016
13482
6927
3766
888
3911
12673
14797
2888
3562
1574
7980
1084
127
9360
881
8944
14240
3222
9932
8789
8340
3912
3798
11855
5952
5509
6550
2444
10716
5478
9554
2285
15087
9220
8371
10
1831
1980
11100
4319
5205
9697
12180
7640
14551
12366
6694
5553
8141
11210
13742
6079
3077
9399
3065
9374
9659
12482
3632
2280
3097
1263
2490
5953
5331
1049
11084
11856
9547
7173
10840
27
9548
4129
5010
7646
11387
11235
1115
3581
11444
861
8539
13137
11450
6972
2401
9642
3225
13470
10736
9363
6689
2368
4151
9927
9063
453
14761
9838
11555
14207
3133
5981
9837
5646
899
1336
3675
10869
5450
12268
7402
126
7022
2970
7300
2893
10268
7988
8991
1131
1939
5296
1694
11101
7975
8406
10373
9968
5644
11938
5910
1529
5268
8205
13883
14155
7991
13781
11734
6529
4519
3031
4127
14223
6083
6082
7033
9471
6470
8369
858
7618
6035
9180
11710
15098
332
10330
5309
13550
7098
1073
2059
3145
6587
442
7747
3373
8332
12874
10540
10320
14033
6614
8207
7532
9435
14036
7350
9764
8343
10313
8489
7791
8337
9990
14593
9726
9413
2534
10549
4109
11255
14144
3545
13904
12176
1937
7028
1277
11507
8426
2441
8389
12054
1342
1146
8206
10124
9758
9432
4136
10344
14665
310
4481
5168
3569
14537
2474
864
13442
3224
7934
6612
7157
6610
978
10877
139
11544
9017
2908
9029
8520
12299
4487
8784
5548
1331
5184
8331
1873
954
1767
3081
939
7793
8641
314
3591
10870
12499
8714
7784
8093
8137
7342
15018
7040
13457
6480
12530
5888
4231
1667
1192
13176
9462
3147
12075
8850
10262
7631
9555
2636
6064
6431
1268
691
13585
2296
9375
11551
9842
2632
1578
6499
11601
14150
10971
7877
14230
12886
10219
1728
5220
7860
7497
11307
967
2666
10561
1983
3191
1995
1765
14945
13083
11661
13884
10125
7524
13917
2498
8818
9790
9445
5942
565
12881
12883
6132
14088
13896
9453
9810
2341
13429
1791
2894
11634
8405
13418
11611
4123
3095
12706
12735
2386
14577
14773
3499
11853
486
8860
7496
4122
144
13789
8125
6842
1162
1738
2648
13560
14117
1923
4482
7369
6106
14627
6357
1249
1766
10433
13318
8822
8800
2007
7921
1794
9545
150
9680
8790
1159
8490
4343
9339
5064
7091
4090
3407
2157
6881
13601
3271
1865
2824
6375
4056
10196
1076
5798
1144
9673
2588
2748
9061
6681
5642
11946
5520
12262
5361
9520
7487
3009
2243
7486
5132
10372
3487
9519
1992
745
9034
9210
2402
13564
14961
8897
8069
2267
10873
12298
7614
4744
5266
4966
14612
4755
14609
8904
1343
1891
9725
527
11310
11672
5058
9992
9141
9974
6790
10988
12657
6563
12586
2251
12037
6320
3286
3488
1329
9073
6379
11780
5374
8365
632
12393
8754
11203
4256
839
9652
2644
5609
1091
6561
13450
9549
2301
1565
1531
1412
3985
7068
9056
5734
2326
11576
3937
6497
8796
13451
5735
1008
13469
5979
11585
7019
1007
8213
10969
394
4920
6986
13441
5701
6423
7881
9677
3208
6374
1082
373
5667
8128
14118
10978
8753
5218
8323
6361
3369
2798
5073
14983
3861
6356
1617
2797
3590
1802
8703
10304
8986
14445
11199
6520
4037
7010
3023
8499
3877
4105
8894
10414
14219
6556
11378
6384
7596
9386
7978
6903
2465
13556
13586
11914
9031
1610
6525
943
857
14454
7054
14552
10604
9617
10879
14206
1833
6690
2738
9533
5500
12338
26
14224
13692
405
7421
7468
5236
6549
14078
13734
11035
3349
8359
953
7056
13188
8462
6678
7818
540
1538
8883
2555
8943
8551
5514
6385
5813
8859
13341
10435
837
14626
5940
42
7617
12303
2705
396
9939
6021
2981
14309
3792
14587
5143
12045
6156
12363
2796
6674
7817
5724
85
226
6373
8360
10774
2412
4430
636
11633
9672
1742
2354
6942
9382
3854
14071
4172
14016
9341
7191
7123
10324
11492
14197
6580
845
14763
14590
13853
3497
1542
10035
12517
1652
2240
880
12959
12135
9845
8616
2486
8967
9752
12212
472
14614
3994
5628
6471
5022
9650
9368
6516
2425
3970
1011
6065
10404
7972
11306
9464
6974
5489
3235
1205
1145
9826
5919
10972
9681
8626
6847
6494
2634
154
1039
8814
11725
2029
10785
3044
4
5838
659
13049
6025
2867
11928
1093
12408
2698
2957
8232
6409
6573
8130
10476
2258
14391
9537
7792
11552
10165
489
10852
10916
1492
11440
3169
8574
9893
8970
1874
9467
9833
7557
2514
14087
5299
11014
7340
8577
9516
3395
587
6540
2342
15024
5721
6006
14133
2619
3832
5958
2129
14225
9674
9383
5884
8757
5320
11434
4743
5310
9551
4139
12707
14932
1113
13913
8745
2690
3062
13839
2744
14306
9678
3211
9051
4260
9384
6059
4971
3129
13530
2337
12602
6186
5964
5902
11676
7534
1733
4937
12743
14015
3957
2191
7444
239
5363
5069
4875
2525
5920
3530
7962
9426
9748
9077
6024
6388
5009
7811
11433
1671
12284
576
6085
9428
3216
5203
7142
6536
6528
662
6958
7167
5758
7783
12960
12074
12690
9831
604
3739
3291
13847
14129
4158
11854
9097
13567
14075
13683
513
11659
744
1275
5654
3790
1763
8858
13557
6387
11566
6907
9474
13598
14167
13554
12394
5613
9196
3049
6339
439
976
9332
9859
9853
9483
13872
4255
2003
573
603
1803
11007
5095
7721
351
5227
11353
1727
9306
3366
10239
2020
11332
2979
3532
10872
9740
4106
12042
9041
1128
13936
5404
9373
2336
2953
7295
6022
7213
9815
9457
1957
9723
2641
12249
9468
10746
12903
3568
174
14535
9712
9769
5965
4879
10342
7861
13551
5142
9403
10747
5112
14733
11354
2497
8235
8300
3672
8882
11689
5151
12708
2743
7828
7896
178
3199
11304
12799
960
7426
2749
108
5043
5460
12603
10464
5373
9529
5128
5005
628
4793
5717
12793
9527
5751
3445
9440
9323
9785
11514
12674
1754
7770
14931
13817
9526
14528
5934
10816
1726
2764
4477
5444
12409
8642
12348
588
1287
5773
1203
5014
2528
2524
3302
356
12658
2344
4146
7961
3785
14131
8225
2159
10757
618
1691
1206
5210
851
156
8875
14378
7341
2037
3604
7749
8380
7030
2483
8304
14826
13702
13846
2906
677
8979
14745
13736
1759
13971
7766
5757
1549
433
13405
2484
3163
9354
11655
4964
15008
2096
4468
6126
76
13630
6476
3821
5110
10888
1947
9493
2730
6317
11271
4295
1609
9544
13760
4174
4154
4887
14368
1417
14574
1164
7628
1719
1700
5226
10892
12688
9147
1481
1077
13079
2788
2896
14070
13036
3481
1689
5901
1288
9304
4687
6771
7077
1344
7878
12800
12742
13307
11716
3753
6517
7814
8140
648
14413
15058
6829
1643
13887
5871
10564
6128
4987
4806
6819
5544
14312
5496
9572
12701
12979
1216
7620
14562
5465
5086
510
699
4272
13575
3355
4895
8342
4871
5731
14718
392
9442
6104
5166
11397
10231
1905
12665
5504
11156
12758
11346
13454
12814
9320
7769
9787
3094
12940
11327
985
12495
13017
6952
3061
11376
6038
235
13329
171
4888
12855
12417
14750
9127
5165
2302
5967
6928
11717
8744
10121
7
11117
1662
5475
14624
3763
4347
369
8679
12342
73
5366
984
6879
12365
5463
14553
14738
3047
13737
10421
5273
9018
5719
7410
13966
12779
11630
4730
621
8603
13123
991
7796
15067
5878
2378
5853
7031
6888
11754
2607
2503
2605
8493
8545
8119
2024
7895
10771
4533
10590
10992
7374
12370
11180
4753
14462
14414
4184
6924
6858
7306
7883
1793
2597
12265
5831
1786
906
15110
3266
11751
7293
3673
10636
14784
7658
15078
10626
10378
15071
6833
7180
7121
10512
4228
12205
10340
13043
10118
5808
8488
10391
8933
7785
6276
10186
4368
3007
10558
13138
8099
3720
13898
15049
15100
6985
4891
2609
3615
8600
11386
2013
12604
7845
14420
1441
7639
8677
5915
7777
4777
3791
13185
3180
539
6804
1156
1588
4036
1645
8136
228
986
9524
14867
9045
2045
7231
2699
8453
1466
11826
2254
4688
7359
12440
2125
7313
11747
10175
12864
7107
7986
1387
11058
4302
11171
14939
4166
6206
9511
7755
14822
12873
10213
2170
7043
10570
4540
12829
10533
3123
5814
10351
12640
12496
4837
7505
7051
6832
368
11745
1773
12295
12187
9283
14234
10542
1379
12111
12556
12276
4605
4464
5976
3744
2010
12555
8913
11230
11781
13298
14204
7163
3828
633
7093
14202
11493
12424
10178
6746
4571
5040
14758
13376
8851
2736
7723
6252
12124
11421
8503
4537
12848
12423
10598
9898
1358
11965
13165
2585
6796
7566
6937
11862
12153
4729
9226
1286
1653
6399
9000
5658
4799
4747
7832
13111
10000
10437
7176
6236
5483
4838
5780
5992
4750
7543
7502
12127
6001
14943
14425
1105
12857
1213
15076
10100
14661
4634
6889
14203
7963
13461
8688
6859
718
9538
1611
7144
10868
7099
8816
7042
10237
12621
13069
2338
4977
10614
12552
13460
9302
7903
11320
13312
13662
11074
7638
3635
4280
14893
12511
8996
14217
10004
3917
1568
3875
8354
1880
7535
8118
10416
130
8988
5961
361
5054
11892
3494
2598
4130
1620
14909
11520
3738
1324
2123
14440
13221
13130
13992
12649
9040
14046
10588
2554
14047
5272
5234
3903
6002
8942
3789
14545
14591
5267
7919
9268
12645
3737
11623
5549
7177
5035
2158
11880
4564
666
4047
11042
753
686
10648
8427
14472
9284
12619
1627
1228
13607
8220
4773
5557
14424
11535
14209
4028
5325
14894
6095
12869
4219
13304
3715
3677
912
6869
2642
14381
9329
2668
8975
7906
10361
14474
13293
4170
4281
12019
8724
4297
12908
2163
10638
15048
12543
10601
4815
4171
1690
10410
15069
10943
10690
11534
15068
11249
14889
11691
982
7513
12561
11608
10831
700
7842
14697
7145
7046
8982
7913
11200
13213
11865
12149
12433
656
581
14212
4168
5828
15066
8718
12564
10154
1440
4818
8074
7229
5764
13142
3423
11163
2581
12867
8657
485
6860
7439
12641
895
13051
8449
11903
14511
6904
10530
11732
12422
7565
524
7048
3415
13367
14704
2667
10498
4801
3116
9033
2595
10494
14698
850
14504
14092
4810
12946
15027
13258
8004
14397
8395
8152
9336
950
7776
12626
8832
14720
4400
938
2600
15084
3480
3418
13424
1460
13811
625
10496
13355
11929
3727
7831
2579
11381
1893
9896
11795
2790
5612
10547
403
1741
8876
3509
8325
7795
11504
12485
5529
440
1369
15103
2379
10240
5932
5292
14175
4211
7179
10227
7253
10050
13920
8785
9026
13070
12300
4939
9983
1616
12028
1650
10192
9490
12533
12164
5846
14993
3714
11318
6967
4306
2910
4535
4475
11109
13473
276
12988
3170
14205
14331
458
8408
4641
6752
4107
11620
11621
955
189
10363
4543
10191
7571
14438
10505
1218
14726
6803
13345
14896
4776
14823
542
401
4677
8508
10543
7733
10984
8414
3630
10591
5634
13262
13197
1380
14736
6290
292
8910
4489
1310
8830
3725
10467
8247
11718
10664
10973
8670
6316
15077
4410
10647
2017
11763
10358
7143
11753
2179
11062
14926
7908
11174
13135
11515
6983
4039
2161
2647
7914
14705
2900
10301
8133
538
10418
911
330
4899
10732
5790
7915
9191
6101
1090
9497
14052
7492
10375
4026
15079
11480
2689
2775
14844
2467
7918
8565
10031
6823
3117
11708
7732
10956
2134
117
12781
1634
11157
12861
11362
2424
8852
2773
3644
10593
430
3267
10904
13287
5193
12784
623
6055
14616
14801
6683
4046
9433
11396
2443
14916
4070
1111
14820
12455
3748
9683
9392
4762
3069
14621
5031
9550
14766
6778
4726
12475
1061
4968
971
4252
12202
4884
12748
6526
11361
992
14403
4758
8793
11345
592
13416
3317
1750
6076
11094
11967
10899
3945
6370
8993
11960
5585
8693
172
7441
2673
1604
11363
14996
7904
3906
3436
10595
814
9044
7418
14827
8815
7211
4547
11356
1659
3625
4746
4087
1161
7707
12528
583
13253
6991
9043
11138
4757
10600
8259
7133
6863
9854
14430
437
13727
1596
11072
9780
11540
9801
11065
1179
1582
10026
11324
3223
12024
11160
12652
6768
4683
12851
13738
10829
1723
5248
1979
6672
2843
7371
12322
12194
7100
1418
1238
14849
4096
5207
10032
692
14568
4142
598
14497
2148
227
12047
4363
7389
11545
1657
11721
3068
3029
3060
5727
5528
14769
11393
11019
15107
6325
12384
1396
14185
14768
11252
9750
33
5124
8781
9591
6490
11664
863
3820
7949
12431
9514
6503
9513
12638
5394
5546
4675
14678
9099
3730
5803
1573
7848
13799
447
4025
3691
2522
11975
1264
13141
13415
11184
14842
8139
2996
12178
2508
8122
6386
11413
7162
1110
8309
3550
5577
13770
7235
1970
1194
2618
5881
7662
6514
2535
12380
5384
14952
5983
877
6027
3006
12454
6788
6584
8471
5931
13553
6773
4693
13233
5930
14421
11701
2832
2237
337
10911
6362
14559
11460
7128
6382
1272
6767
7677
6651
402
11446
11241
3661
11617
8308
2038
12728
10939
5322
3973
1065
8433
13861
14074
11093
14183
4695
11884
13316
14239
3442
12890
3005
11723
2471
5583
5060
7472
9670
9380
3454
8844
4269
1520
4388
6975
9736
5723
12190
6404
9981
3533
8866
5491
4709
245
1601
4809
13143
6821
9269
6657
1323
5977
3659
14739
8637
5235
7305
11231
1822
5779
6189
11806
8410
11128
169
15
11131
4922
13131
5789
13189
4708
9452
9807
10076
14025
14366
2152
4495
13256
10064
5507
14343
6645
3460
5909
13308
9372
9657
3776
1239
6608
6417
9964
962
8299
11986
14039
278
15020
13879
620
8501
8949
4413
6831
13268
13555
4802
6815
670
755
12162
3873
5446
2608
4723
4108
14655
2241
353
3926
11095
5253
11073
8627
9541
12836
12156
6564
7846
1973
8691
886
13582
5947
2230
13465
3826
13357
14132
12950
7164
13480
10101
14427
9786
5501
11999
6809
5487
12788
6979
5029
9156
2692
2695
13054
4329
6188
6794
13417
2898
8287
13690
9259
7096
13673
9482
4766
9967
10083
759
5995
1078
3345
10691
5287
6799
4772
14725
11482
7715
7782
10274
15062
9441
387
8335
14405
3567
13572
9828
2865
9465
10283
14806
2897
8873
11848
2102
14399
15051
3637
13170
14
2211
6234
10515
9039
14376
2117
8995
4739
6949
7823
13923
1896
8494
14374
4097
7911
4273
12812
10025
8421
4534
10524
9067
13116
14308
2440
13305
7124
4444
14942
14906
2732
10980
10538
3122
10183
4550
487
4798
512
10537
3424
8008
1092
10689
5570
1761
9224
6353
7893
4817
3364
6707
1569
14923
9231
2453
13359
10827
8914
8550
7137
14610
7595
5173
10808
13183
13296
3571
3297
983
3780
9046
3559
10514
622
1895
752
3360
4162
4476
11132
12986
10009
6225
10727
8964
9685
5623
3109
422
8113
4241
14042
9540
2184
4265
12671
11123
1120
8937
1705
6988
6944
9608
12780
11122
10202
12529
14984
116
4038
283
5916
12137
13018
910
5706
7136
13859
2959
10896
5155
12676
12219
7006
15074
13255
6947
3602
3251
304
8649
11091
5482
3257
5704
4843
8774
4474
421
11774
10134
8654
4380
12252
10847
4803
6816
12341
9688
1202
10893
9232
7204
2174
9449
5558
2565
8734
10411
14542
4857
1665
6570
7292
13148
10621
3679
10223
2757
5842
7465
4789
5062
2563
1448
1003
8985
11293
11930
11477
6164
4058
2560
5030
12250
14982
8591
11479
436
2213
9396
3978
3633
3612
5946
13056
2850
8977
7714
12108
7490
5221
2662
4208
7000
305
14985
4064
14571
14489
9536
11290
4088
6512
12547
8984
12627
4782
13155
11714
7642
8739
4433
11752
2714
10228
13250
4285
3036
7294
3353
13164
10749
12248
5160
2215
71
14380
2777
12383
5025
2231
2074
14085
9060
9774
9438
179
4787
11811
5432
12852
14299
14858
13396
14195
4885
13939
11071
1924
3359
4355
5369
11702
7698
2411
3782
9991
12562
13717
6772
6797
4770
3087
9952
4947
8217
2078
5127
3393
11372
14526
9523
3930
6913
10702
10910
2887
497
12484
13048
12537
5196
4741
613
3542
8980
668
4692
6921
11736
5402
9709
5238
929
4767
10048
554
11251
10721
7993
11316
14723
8455
13697
9001
6462
12666
124
4177
11597
14634
567
6875
2050
8681
4549
748
3700
6785
10382
3365
11937
7648
13463
12831
10834
13000
2041
11756
4749
9878
14254
2365
11102
10451
12443
11161
8095
8928
4731
12630
4728
6705
10656
7265
4246
7539
11755
6891
5159
8255
3902
4699
13764
11674
4696
14418
11411
15101
7873
1438
11205
3316
10398
12807
8676
9900
5028
12686
10078
951
10436
6846
334
248
13309
9032
4795
4493
4678
4520
4689
7641
12309
2165
15064
13016
1406
3255
7400
5709
2593
4331
9054
2107
3683
10660
7637
1436
15073
2811
10419
7643
8611
14249
14363
4808
8658
13061
15001
3923
7886
9460
11365
3352
8223
2592
1397
1475
8987
10534
8936
7880
14289
11
8154
4200
6542
12497
3858
12025
6588
8824
7808
9395
8983
5856
496
9596
10049
15065
8655
5251
4180
10995
9597
2450
5586
7150
2052
13039
8090
11409
2135
928
11783
7696
14999
10763
10326
6219
3893
1405
6220
5752
1365
12633
12632
14843
9003
10369
12224
6221
9342
8400
12875
2633
7973
13773
10319
14933
2494
14583
8431
9867
10513
4710
7681
4700
2851
9366
14135
2186
2183
10634
8783
1004
10635
717
14174
10061
7386
12253
7974
4769
7744
7688
6808
423
14541
10945
11845
1941
4735
3620
4309
4701
10685
2046
13462
10405
1295
11936
2389
13354
9227
11089
12734
14099
14077
12447
13040
9977
9294
3724
2853
2807
4792
9377
9193
12255
7718
9132
2971
9757
9431
11437
13938
4790
6306
10097
8049
12541
5026
1125
5732
8628
2886
15038
9951
5150
13842
7058
9663
12841
5506
4740
9802
14656
10946
1108
216
2561
2557
5663
10052
7695
4999
11913
6244
7282
2447
6601
11746
6691
2216
14104
2224
6775
5683
7053
14182
1903
8434
8549
1710
9600
7561
6805
7495
7567
4697
3041
7905
2859
10063
5522
1284
12446
2448
6704
4015
11280
15043
10850
8463
14549
9691
2580
866
4778
3920
11329
4230
11859
10580
7549
7452
11382
10415
9317
1119
7384
5385
12902
10729
10726
10447
10545
4381
10731
655
7146
10887
5867
2960
7964
13464
7751
12183
10059
11607
5636
9106
2042
5993
14524
1632
9486
12727
11715
1361
817
2614
3387
7605
4707
7370
1997
774
14364
8237
5282
12822
3516
12217
4784
10571
9945
12677
4060
3124
10759
10120
10652
10676
2217
10574
10521
6964
9065
8117
10646
6820
8592
4702
9398
2172
12182
6861
4949
833
14102
3577
3921
4667
7011
12563
2476
9359
424
13163
6946
8251
11771
4137
4267
7281
6210
9512
11490
5966
6910
8820
1212
6395
9357
4596
15044
2421
1751
10633
10477
5580
7722
723
1556
8492
14200
9418
2501
9615
2167
6980
8288
14190
7417
1543
4446
14038
5821
4360
7504
4510
11639
12436
13925
13215
3128
7228
3410
11698
1887
3617
2838
8583
7551
1290
1062
2195
8997
3309
8422
6530
13731
10260
12335
4800
2617
3976
3278
14487
4681
2913
13951
5596
7666
664
4869
2905
3472
3603
11287
4001
14729
5021
4125
6269
15102
9178
1558
3758
13763
3773
5936
3269
563
11823
14602
1809
5055
12704
5511
4225
11379
8358
8238
2808
10557
12668
11143
9834
9671
1528
5125
362
8416
11408
13134
6179
2087
8989
181
5720
6403
5603
12314
14630
6793
4764
12646
1697
2358
14659
6061
10704
3080
12315
7187
9694
9577
12285
8732
2849
2414
13655
10607
5370
7716
9921
9444
3385
14091
3669
14693
11314
7260
428
12364
14628
12636
773
8797
1411
9361
9641
3347
5004
3059
4982
6338
1646
6920
8543
5512
1234
4867
14231
11510
4138
14532
14340
14585
3999
12184
13870
10944
14356
3118
9779
8467
8480
1134
7926
14115
14134
14128
4417
7706
2969
1655
11895
13878
12457
535
14388
7339
6036
7462
7830
10407
2079
11125
8896
9638
634
3709
14695
11266
14699
6433
674
9379
11944
9345
1818
5101
5093
9109
3264
11142
7445
5194
3666
3961
14355
7813
11259
1938
4831
3989
7866
9344
3563
10837
2882
10706
9343
4167
9997
5670
3932
6513
1618
13784
640
1278
663
12683
11813
3547
9214
6367
2986
7241
3819
10225
2547
5754
9620
12504
6575
5598
2857
8803
574
9728
12005
4051
9825
3070
517
3363
12976
14023
3362
10441
3983
9473
2556
13425
12141
12301
4224
4494
12975
2674
13158
14794
5250
6894
14935
11527
2833
3126
12778
7545
862
1695
6668
4022
10951
10784
10741
14908
2837
12598
11032
12008
3837
10694
608
570
9414
5832
637
11511
2021
8884
12840
9613
9906
10703
8361
13196
12587
105
5759
1989
12969
6934
2044
11039
10443
4061
14509
1293
11531
11909
9676
12476
9576
10044
12795
14531
12654
1147
5473
5421
12939
12169
1064
9574
10952
1188
10589
14746
14335
5020
11192
8602
4173
11308
14937
900
4175
12398
12872
3386
927
3024
856
13515
9735
11107
9115
6314
3022
3092
11233
7226
12102
2868
14400
2523
129
14953
9711
3942
12952
994
2532
8245
11832
9809
4819
7671
2983
1289
74
4084
10713
4035
11792
3252
12570
1702
5637
11793
10738
14422
13832
8476
1183
11887
5562
13787
5657
11476
11750
8352
6492
552
2955
11632
13370
13160
10752
8513
10619
8466
12680
4824
12283
2912
12755
11468
3745
12354
11669
9201
7536
3273
5174
3305
5183
12520
13112
9134
7736
10298
11846
7872
10863
3924
1882
7752
12691
13120
10842
13378
1744
9570
13228
4052
12114
5379
11656
7709
7024
5753
9722
2603
12115
6646
8278
5700
13172
13171
441
5777
11749
7023
10810
11990
12263
3905
10809
8867
14950
12515
14180
14196
11201
665
7745
1335
1321
1266
10463
12514
1014
4264
1357
13467
5656
2571
3939
13247
3451
13362
3925
11313
8653
4942
6547
2364
7101
5345
14423
11485
10062
1384
10452
13209
2870
2989
10772
13542
8231
5486
1711
8258
14722
3254
0
6851
14301
4929
7697
50
4085
586
8841
12445
10755
571
7382
12082
3958
11147
6868
7245
12854
8555
13005
14148
4816
2768
10329
1483
13336
11932
9897
9710
10989
4291
3778
7463
7240
12320
11731
15054
8575
13015
13508
7035
11923
11136
7699
8399
1106
12990
6507
11218
11872
6905
9266
10338
6191
8957
12267
4771
4412
12724
3447
7405
12689
11933
4119
8328
4317
238
5653
13645
11847
3640
9312
242
4691
12905
964
13590
7719
13765
942
12567
2540
4522
6871
2962
10985
10273
7624
12871
3043
8327
11134
2835
5595
14168
5587
13617
5140
1404
3042
1956
10445
1651
1843
2209
9848
4382
5418
13157
14694
847
14767
13490
5575
11167
5890
14819
11456
4679
12972
4705
484
5696
8461
612
5447
13281
2976
7829
11773
4339
11069
12134
8298
2026
10265
2848
13517
6197
12331
5376
3986
13707
5367
5918
577
13479
14173
83
2156
7558
3162
175
11384
9315
5722
12477
13511
6037
6310
5564
8922
12334
11328
8651
3938
3576
6214
5344
10495
14520
9203
12794
8385
2616
11170
13531
4738
7750
8559
14096
12479
11874
5686
8286
8274
10794
7244
7165
8282
12751
13899
11419
12593
4950
10493
4421
8277
12610
14187
258
14156
2019
9391
4820
2861
6346
10442
7834
14369
9818
8447
5416
2963
1280
3616
5225
8448
3221
4072
457
9718
13506
12765
5495
11103
13892
13891
8540
2139
12559
277
11343
12694
13528
9797
13668
1081
13573
8424
13808
8401
14027
14724
5383
3531
266
14377
5565
4117
3483
2068
10912
4830
7498
8817
7734
6063
7971
12639
157
2874
341
6653
12582
9305
12077
14530
12026
9237
10082
9648
12119
6900
9175
8017
602
5214
11303
149
8788
12510
8192
8452
879
11263
2178
12491
9050
14496
4716
5464
2303
2546
1063
4068
9324
11505
5982
4364
5451
3482
14830
13498
7508
5470
6088
14003
9161
10271
2201
7095
8142
13444
12863
3032
8794
6701
14880
6351
11906
6341
11491
5198
2836
5019
3757
14136
1838
12478
8368
7503
13122
3779
5736
7625
4366
3143
12062
4892
13390
12193
4399
13948
385
12938
9125
6147
8747
14041
8831
11183
4962
1312
429
2697
8291
1485
14682
2489
787
11112
13328
5212
10819
11374
6077
3028
13943
3233
11130
2945
14570
9429
6828
5795
13254
7086
13023
13145
7078
5680
7663
12103
1328
211
11336
6586
2770
13210
8376
4940
13364
1033
562
5551
11457
7590
10454
1892
13740
9917
8364
6607
7952
8161
10084
7603
5094
3607
6422
9745
4785
5861
6190
2182
7147
7593
6256
7280
6257
6258
4761
13050
7909
4434
10469
11124
14387
8495
5788
10760
11154
8994
13129
1959
5559
2776
12308
5033
6812
2601
4791
8874
8003
13366
9461
8148
4292
1881
8586
4751
15025
11153
4914
4722
6776
6350
7851
12260
9655
13492
6050
2805
8339
11998
4779
6770
4686
4212
3966
8546
13356
13226
10606
8661
11325
12958
15047
2718
10624
4531
11802
11972
11453
11675
122
1158
1381
13845
1512
8715
11782
5484
610
14184
13057
11391
9425
11465
13249
4018
13306
11198
1630
12057
7032
4718
13184
6500
5593
7820
11260
10833
4178
614
11120
59
2200
12435
5568
5481
5660
1143
10866
7910
14501
2771
294
4797
11858
5584
10438
4300
8109
2584
4253
8403
13068
8756
7920
4242
7045
8656
7599
14929
10379
2966
14995
4257
3784
7431
6315
9456
7432
13166
14764
6504
1628
9390
8828
5158
2032
13052
8736
2515
8252
6984
14658
2149
3889
498
10058
7197
9730
7761
9475
3361
3228
5423
14684
13865
4840
1593
4829
506
11681
7702
3844
3210
4805
6782
7399
4736
5365
8908
3411
7448
11957
3368
2225
1399
11030
1698
5800
9880
8457
3619
9796
12571
1640
15092
3655
5592
9370
2169
10503
6848
9662
2681
1564
5703
11435
10171
12251
8193
9892
10453
11104
775
4346
711
12426
1595
11188
4349
2646
5295
4463
10448
7956
1274
14199
10865
2549
9693
5652
7108
8356
14059
2051
8547
6987
9052
3756
2645
10317
2677
12889
12581
13191
4283
2188
1037
10889
11807
4783
1121
14103
7746
9654
2047
3639
8966
10776
5913
10839
5485
11488
333
708
12330
11682
10817
6617
2613
707
3422
6303
713
7520
7764
231
15031
3971
3799
3807
9660
11844
9682
9389
8007
4157
2599
13941
1469
4258
1570
9895
597
724
7427
7708
10251
6960
4304
2226
10136
1214
11286
7781
14186
6810
6818
6623
9772
1664
9417
3605
8829
3554
7810
6343
11187
10199
13053
2144
2806
13850
9477
9844
2961
237
10389
5161
7314
10762
4045
5023
12592
232
13038
8445
9689
9397
3988
6660
151
3075
10043
1498
13434
463
8527
13371
13128
12189
14613
11834
12123
3517
12993
13942
3735
3508
3176
3272
11911
2124
4013
8976
4409
8107
9946
14696
2197
3613
4411
4077
4019
3071
8208
8311
9767
6116
9886
7460
14825
4415
8674
3950
10203
2620
6940
5957
8584
11338
6914
155
12421
13538
12110
885
2177
1442
4124
3726
1437
6495
8548
2227
7753
9840
8544
11238
2639
2048
2564
14657
14404
13735
1104
14677
14668
1160
11461
10959
14149
7315
13512
1749
6506
5690
8919
5850
12746
9841
13539
6412
4383
6966
11126
4408
12259
14516
4289
10157
8806
15000
11939
10700
11861
7151
1271
7541
6780
6961
8273
426
3388
7992
11624
9731
10848
10531
8025
7594
11213
11842
14171
10099
5257
14866
5387
9267
11775
7748
7890
5139
4727
12139
5669
11133
7759
7713
5516
6781
2682
7996
2772
9135
14147
7768
7779
3392
2016
2207
10368
10392
9918
7924
4284
3579
10112
7334
14043
6822
7453
7644
13522
10173
2862
10388
2583
427
3774
11916
12745
6299
6292
8721
5386
4725
2778
13161
8363
1026
13335
9727
13224
7998
13223
7055
418
11730
11945
14275
9322
4827
8909
5092
13020
8849
8780
2112
14506
9173
13182
15042
301
11439
2185
4274
3121
2181
6779
1789
10880
5469
7809
5163
13331
12027
2975
7667
13863
9708
5217
2856
11347
2092
14522
3742
10897
13654
12382
14461
14178
7404
14491
11785
488
7546
1101
7943
4981
14503
15070
5154
13168
1171
54
15111
6166
5659
14742
9376
2220
2223
6631
11606
7717
5162
7833
11877
10367
10179
11206
14499
12617
9661
10983
3429
3076
909
10773
495
11151
11418
11870
14295
11322
715
7737
6062
2055
15075
120
1395
12904
11979
2973
1338
12498
3249
6301
376
1708
11113
13082
9847
1085
12117
932
4839
14012
3125
4848
10715
8250
9789
11670
2218
9126
2194
12245
712
5096
11791
13944
3781
2222
6962
6295
4856
425
9448
12685
11596
10917
7227
11377
11825
366
4094
8587
3247
10383
9080
7537
8939
3764
11331
10851
13504
11879
14193
14221
7632
5864
13320
4483
8733
10982
6352
1852
11915
9258
4373
3642
934
4365
12741
11969
7758
12763
7700
14276
6963
14986
6692
7935
7412
8854
8720
4266
11784
9656
234
10915
7378
2022
10758
4176
13175
3845
13167
11436
3072
9729
13510
11934
3762
10930
11197
2860
15057
11458
4414
10667
243
2567
9849
13540
2357
5515
2767
9795
9696
8441
14505
7771
357
9300
10337
12350
5581
11835
10901
2315
14620
6581
9290
13291
2621
4513
12406
3959
4287
10170
5419
12460
13126
10610
7725
4759
8956
2968
1717
12980
10923
3293
5328
8585
13071
9013
4748
13073
6789
9299
8728
6655
2122
7009
3354
14181
13458
14989
3712
13278
5517
10399
14292
1410
2602
4071
10248
726
6523
6890
2733
7819
8807
2723
2145
8921
515
14255
14899
12379
8483
14189
13337
9371
4290
8958
15052
2347
9530
9262
13940
3979
4754
6806
13075
13372
13064
4527
9518
9984
7540
7738
13353
12614
1716
1740
10740
7875
10060
3019
13055
12569
7072
7843
7578
8872
1394
6056
14201
14922
14755
4703
9436
3597
11229
3770
2049
6916
11900
14083
13074
5824
2153
1017
2204
14829
3408
8801
3171
14741
3913
1656
11383
10114
10457
5572
6305
9539
13743
3733
12218
1327
8216
13181
9364
7409
7428
7440
9242
2205
7550
2799
7519
2400
8386
9784
8799
11816
14856
14303
9421
13198
12616
8864
8863
8865
9999
5352
11177
5862
9899
9334
8102
9480
12816
9378
1842
2678
5968
493
6222
13194
2965
5490
2734
4093
5472
13019
11964
14449
9265
3412
14765
12860
8346
4788
3952
5614
7542
8229
9415
11110
10374
15045
374
1371
5049
9950
11326
10259
2566
5300
12254
2452
9209
2449
11612
3711
2090
2615
13136
6223
51
6711
2054
6552
3027
6800
3984
13639
2562
14177
4351
11804
4517
11649
5863
7199
1470
14828
7664
10876
7874
9443
8634
9788
2624
13726
2679
2147
14979
3584
10376
4774
15072
4353
8418
3256
13563
7705
9241
2131
4059
9419
7892
12568
7757
1103
5479
7262
4169
14093
10891
10932
2098
7414
10843
3409
7408
5841
9732
14837
10350
4826
8622
2214
15104
11886
14179
10305
6443
10950
9270
7047
9321
11276
2751
11850
7657
8579
13243
13349
4050
8632
1666
14407
12607
2635
4244
5816
8396
7451
5018
8114
7223
9192
13377
14508
12451
9759
10587
14146
9989
9409
3663
7437
11849
3186
11169
2694
5327
1170
10903
3977
13072
335
11375
9768
13521
11810
2683
7443
4529
6524
4249
569
14934
7735
9476
12585
1925
4367
5499
10243
5812
13006
9233
1118
5745
12792
4713
14256
3341
14749
926
10844
13386
13958
5681
4310
10935
14009
758
2036
3301
1974
8746
3759
10270
13358
1220
13251
118
15023
9605
3268
3867
3760
4369
14428
5428
450
2885
6105
1515
1157
12653
9675
8260
2053
3342
8673
13855
7288
3346
11420
2884
14752
3578
13698
6658
1701
4466
9367
5215
2012
6023
3051
11697
3728
5830
14257
2077
1080
10272
13493
10292
13589
9852
2693
6602
8485
13211
7619
653
14676
6124
786
8415
1730
3433
13798
5589
13374
1812
5860
12273
3560
11882
12891
6811
4913
12138
624
12687
9781
3638
2611
12942
13706
14692
9879
3941
8310
2517
12588
14113
13558
10717
14463
11779
3960
1587
8805
13013
13537
9835
6394
6852
2472
3520
6391
6392
6390
3716
9901
7087
1734
10086
15039
4065
348
3157
1855
14951
9037
2410
14468
11359
11265
2883
12109
4014
5382
15016
14304
12076
9447
8635
8663
4858
11822
8640
445
5937
4000
6695
377
187
11257
12079
3456
13471
12021
7560
5448
4467
3664
7552
13999
651
4712
11801
10620
6169
6007
9273
1127
12856
8450
10940
13834
13771
13484
10921
12414
3276
7871
2335
7701
11006
605
6965
1816
6469
9863
11557
13648
14567
1907
444
6642
3052
11443
9614
14431
4912
1053
10864
8236
6599
8420
8052
5518
14280
225
8941
6180
5400
8460
3777
13487
6398
1047
14293
8071
1459
5933
12163
14401
14284
3197
8671
12444
654
371
3280
7879
4079
1958
11519
1544
10106
627
11767
230
580
7740
11415
13998
1141
8512
3314
9971
1782
14529
14232
7876
894
3193
9889
5530
10998
7407
13782
8889
12292
11067
2376
5747
4907
13643
11808
9907
7687
7336
2429
5970
7654
6380
504
70
5085
9172
763
12978
419
13835
5668
6567
3495
10970
8404
14998
9988
3277
3596
5190
14283
14392
1276
14701
9715
9406
14561
5573
9894
1260
1729
5601
10471
5084
3814
3351
3588
1314
14637
5748
8629
6498
5119
3765
3695
14243
9970
2774
7129
5594
6667
7674
3503
471
10352
9388
13912
11709
1149
6643
1615
8813
12352
9070
183
12055
4832
5453
9272
8786
1258
2070
551
9679
13733
10625
12215
11305
1814
2978
8198
12441
4111
7175
5579
8711
12214
3473
3927
3057
8749
2460
6508
3074
12711
12705
469
7806
12866
9525
4969
3943
478
8011
7278
8175
11281
8992
9589
13488
1455
6618
7563
9528
8707
9271
14160
9381
2229
7406
3729
2416
8341
3155
1991
14540
5333
6182
6080
5381
12675
5380
6576
256
8562
4100
1585
1112
13802
14211
5702
14412
8482
5204
8900
14578
6140
8812
8321
7063
6569
5264
12531
1010
11003
8374
378
5756
8899
11139
10875
11129
13926
7884
1256
14453
1647
12275
4342
6568
13445
185
720
133
3310
12813
6139
7457
6028
9346
5332
7126
2802
8506
9481
3108
1041
896
11256
10565
13650
9546
6562
3643
6029
1840
14327
9408
13363
12349
11547
7953
11202
10092
9281
8808
5422
6923
3232
14124
12985
3374
1575
146
1532
15086
6319
13232
